    [1.6399, 23.3679, 10.6615, -0.3602],
    [1.6399, 23.3679, 10.6614, -0.3602],
    [1.7830, 23.5570, 10.5602, -0.3602],
    [1.7830, 23.5571, 10.5597, -0.3602],
    [1.9290, 23.5599, 10.5530, -0.3602],
    [1.9290, 23.5601, 10.5528, -0.3602],
    [2.0721, 23.5630, 10.5457, -0.3602],
    [2.0720, 23.5632, 10.5455, -0.3602],
    [2.2180, 23.5664, 10.5377, -0.3602],
    [2.2179, 23.5665, 10.5375, -0.3602],
    [2.3610, 23.5700, 10.5294, -0.3602],
    [2.3610, 23.5701, 10.5291, -0.3602],
    [2.5068, 23.5738, 10.5203, -0.3602],
    [2.5068, 23.5739, 10.5200, -0.3602],
    [2.6498, 23.5778, 10.5109, -0.3602],
    [2.6497, 23.5779, 10.5106, -0.3602],
    [2.7955, 23.5821, 10.5007, -0.3602],
    [2.7955, 23.5822, 10.5005, -0.3602],
    [2.9384, 23.7694, 10.3964, -0.3602],
    [2.9384, 23.7696, 10.3959, -0.3602],
    [3.0841, 23.7742, 10.3849, -0.3602],
    [3.0841, 23.7743, 10.3847, -0.3602],
    [3.2269, 23.7791, 10.3734, -0.3602],
    [3.2269, 23.7792, 10.3731, -0.3602],
    [3.3725, 23.7843, 10.3611, -0.3602],
    [3.3725, 23.7844, 10.3608, -0.3602],
    [3.5153, 23.7896, 10.3485, -0.3602],
    [3.5153, 23.7897, 10.3482, -0.3602],
    [3.6608, 23.9818, 10.2389, -0.3602],
    [3.6608, 23.9819, 10.2384, -0.3602],
    [3.8034, 23.9876, 10.2250, -0.3602],
    [3.8034, 23.9877, 10.2247, -0.3602],
    [3.9489, 23.9937, 10.2106, -0.3602],
    [3.9489, 23.9938, 10.2103, -0.3602],
    [4.0914, 23.9999, 10.1959, -0.3602],
    [4.0914, 24.0000, 10.1956, -0.3602],
    [4.2367, 24.0064, 10.1803, -0.3602],
    [4.2367, 24.0065, 10.1801, -0.3602],
    [4.3792, 24.1959, 10.0698, -0.3602],
    [4.3792, 24.1960, 10.0693, -0.3602],
    [4.5244, 24.2029, 10.0529, -0.3602],
    [4.5244, 24.2030, 10.0527, -0.3602],
    [4.6667, 24.2100, 10.0361, -0.3602],
    [4.6667, 24.2101, 10.0359, -0.3602],
    [4.8118, 24.2174, 10.0185, -0.3602],
    [4.8118, 24.2175, 10.0182, -0.3602],
    [4.9540, 24.4114, 9.9034, -0.3602],
    [4.9540, 24.4115, 9.9029, -0.3602],
    [5.0990, 24.4193, 9.8844, -0.3602],
    [5.0990, 24.4194, 9.8842, -0.3602],
    [5.2411, 24.4272, 9.8655, -0.3602],
    [5.2411, 24.4273, 9.8653, -0.3602],
    [5.3859, 24.6184, 9.7500, -0.3602],
    [5.3859, 24.6185, 9.7494, -0.3602],
    [5.5279, 24.6267, 9.7298, -0.3602],
    [5.5279, 24.6268, 9.7295, -0.3602],
    [5.6726, 24.6355, 9.7089, -0.3602],
    [5.6726, 24.6356, 9.7086, -0.3602],
    [5.8144, 24.8307, 9.5897, -0.3602],
    [5.8144, 24.8309, 9.5892, -0.3602],
    [5.9590, 24.8399, 9.5675, -0.3602],
    [5.9589, 24.8400, 9.5672, -0.3602],
    [6.1006, 24.8491, 9.5455, -0.3602],
    [6.1006, 24.8492, 9.5452, -0.3602],
    [6.2451, 25.0415, 9.4257, -0.3602],
    [6.2450, 25.0417, 9.4252, -0.3602],
    [6.3866, 25.0512, 9.4024, -0.3602],
    [6.3865, 25.0513, 9.4021, -0.3602],
    [6.5308, 25.0612, 9.3783, -0.3602],
    [6.5308, 25.0613, 9.3780, -0.3602],
    [6.6750, 25.2579, 9.2545, -0.3602],
    [6.6750, 25.2580, 9.2540, -0.3602],
    [6.8163, 25.2681, 9.2296, -0.3602],
    [6.8162, 25.2682, 9.2294, -0.3602],
    [6.9603, 25.4616, 9.1062, -0.3602],
    [6.9602, 25.4617, 9.1057, -0.3602],
    [7.1014, 25.4723, 9.0803, -0.3602],
    [7.1013, 25.4724, 9.0800, -0.3602],
    [7.2452, 25.4833, 9.0535, -0.3602],
    [7.2451, 25.4835, 9.0533, -0.3602],
    [7.3861, 25.6809, 8.9266, -0.3602],
    [7.3861, 25.6810, 8.9261, -0.3602],
    [7.5297, 25.6923, 8.8986, -0.3602],
    [7.5297, 25.6925, 8.8983, -0.3602],
    [7.6705, 25.7038, 8.8708, -0.3602],
    [7.6704, 25.7039, 8.8705, -0.3602],
    [7.8139, 25.8985, 8.7433, -0.3602],
    [7.8139, 25.8986, 8.7428, -0.3602],
    [7.9545, 25.9104, 8.7142, -0.3602],
    [7.9544, 25.9105, 8.7139, -0.3602],
    [8.0977, 26.1091, 8.5831, -0.3602],
    [8.0977, 26.1092, 8.5826, -0.3602],
    [8.2381, 26.1214, 8.5530, -0.3602],
    [8.2380, 26.1215, 8.5528, -0.3602],
    [8.3811, 26.3169, 8.4224, -0.3602],
    [8.3811, 26.3170, 8.4219, -0.3602],
    [8.5213, 26.3296, 8.3912, -0.3602],
    [8.5212, 26.3297, 8.3910, -0.3602],
    [8.6641, 26.5291, 8.2571, -0.3602],
    [8.6641, 26.5292, 8.2566, -0.3602],
    [8.8041, 26.7249, 8.1243, -0.3602],
    [8.8040, 26.7251, 8.1238, -0.3602],
    [8.9467, 26.7385, 8.0910, -0.3602],
    [8.9466, 26.7386, 8.0907, -0.3602],
    [9.0864, 26.9383, 7.9549, -0.3602],
    [9.0864, 26.9384, 7.9544, -0.3602],
    [9.2288, 26.9522, 7.9205, -0.3602],
    [9.2288, 26.9523, 7.9202, -0.3602],
    [9.3683, 27.1488, 7.7849, -0.3602],
    [9.3683, 27.1489, 7.7844, -0.3602],
    [9.5105, 27.1631, 7.7494, -0.3602],
    [9.5104, 27.1632, 7.7492, -0.3602],
    [9.6498, 27.3637, 7.6103, -0.3602],
    [9.6497, 27.3638, 7.6098, -0.3602],
    [9.7917, 27.5612, 7.4713, -0.3602],
    [9.7916, 27.5613, 7.4708, -0.3602],
    [9.9307, 27.5758, 7.4349, -0.3602],
    [9.9307, 27.5759, 7.4347, -0.3602],
    [10.0724, 27.7772, 7.2926, -0.3602],
    [10.0724, 27.7773, 7.2920, -0.3602],
    [10.2112, 27.9750, 7.1517, -0.3602],
    [10.2112, 27.9751, 7.1512, -0.3602],
    [10.3527, 27.9904, 7.1131, -0.3602],
    [10.3526, 27.9905, 7.1128, -0.3602],
    [10.4912, 28.1921, 6.9689, -0.3602],
    [10.4912, 28.1922, 6.9683, -0.3602],
    [10.6324, 28.3907, 6.8247, -0.3602],
    [10.6324, 28.3908, 6.8242, -0.3602],
    [10.7707, 28.4064, 6.7853, -0.3602],
    [10.7707, 28.4065, 6.7850, -0.3602],
    [10.9117, 28.6090, 6.6378, -0.3602],
    [10.9116, 28.6091, 6.6373, -0.3602],
    [11.0497, 28.8078, 6.4919, -0.3602],
    [11.0497, 28.8079, 6.4914, -0.3602],
    [11.1904, 29.0108, 6.3421, -0.3602],
    [11.1903, 29.0109, 6.3415, -0.3602],
    [11.3282, 29.0272, 6.3006, -0.3602],
    [11.3281, 29.0273, 6.3003, -0.3602],
    [11.4686, 29.2269, 6.1516, -0.3602],
    [11.4685, 29.2270, 6.1511, -0.3602],
    [11.6061, 29.4301, 6.0000, -0.3602],
    [11.6060, 29.4302, 5.9995, -0.3602],
    [11.7462, 29.6301, 5.8488, -0.3602],
    [11.7461, 29.6302, 5.8483, -0.3602],
    [11.8834, 29.8337, 5.6952, -0.3602],
    [11.8834, 29.8338, 5.6947, -0.3602],
    [12.0233, 29.8513, 5.6503, -0.3602],
    [12.0232, 29.8514, 5.6500, -0.3602],
    [12.1602, 30.0515, 5.4976, -0.3602],
    [12.1602, 30.0516, 5.4971, -0.3602],
    [12.2998, 30.2560, 5.3406, -0.3602],
    [12.2997, 30.2561, 5.3401, -0.3602],
    [12.4364, 30.4566, 5.1856, -0.3602],
    [12.4364, 30.4567, 5.1851, -0.3602],
    [12.5757, 30.6614, 5.0266, -0.3602],
    [12.5756, 30.6615, 5.0261, -0.3602],
    [12.7121, 30.8624, 4.8696, -0.3602],
    [12.7120, 30.8624, 4.8691, -0.3602],
    [12.8510, 31.0675, 4.7085, -0.3602],
    [12.8510, 31.0676, 4.7080, -0.3602],
    [12.9871, 31.2688, 4.5496, -0.3602],
    [12.9870, 31.2689, 4.5491, -0.3602],
    [13.1258, 31.4744, 4.3864, -0.3602],
    [13.1257, 31.4745, 4.3859, -0.3602],
    [13.2615, 31.6761, 4.2254, -0.3602],
    [13.2615, 31.6761, 4.2249, -0.3602],
    [13.3999, 31.8819, 4.0602, -0.3602],
    [13.3998, 31.8820, 4.0597, -0.3602],
    [13.5353, 32.0840, 3.8972, -0.3602],
    [13.5353, 32.0841, 3.8967, -0.3602],
    [13.6734, 32.2902, 3.7299, -0.3602],
    [13.6733, 32.2903, 3.7294, -0.3602],
    [13.6733, 32.4734, 3.6151, -0.3602],
    [13.6733, 32.4734, 3.6148, -0.3602],
    [13.8085, 32.6794, 3.4475, -0.3602],
    [13.8084, 32.6795, 3.4470, -0.3602],
    [13.9462, 32.8823, 3.2800, -0.3602],
    [13.9461, 32.8824, 3.2795, -0.3602],
    [14.0811, 33.0888, 3.1101, -0.3602],
    [14.0810, 33.0888, 3.1096, -0.3602],
    [14.2184, 33.2921, 2.9405, -0.3602],
    [14.2184, 33.2922, 2.9400, -0.3602],
    [14.2184, 33.4790, 2.8208, -0.3602],
    [14.2184, 33.4791, 2.8206, -0.3602],
    [14.3530, 33.6821, 2.6510, -0.3602],
    [14.3529, 33.6822, 2.6505, -0.3602],
    [14.4900, 33.8895, 2.4765, -0.3602],
    [14.4899, 33.8896, 2.4760, -0.3602],
    [14.6242, 34.0929, 2.3044, -0.3602],
    [14.6241, 34.0930, 2.3039, -0.3602],
    [14.7609, 34.3007, 2.1279, -0.3602],
    [14.7608, 34.3008, 2.1273, -0.3602],
    [14.7608, 34.4841, 2.0079, -0.3602],
    [14.7608, 34.4842, 2.0077, -0.3602],
    [14.8948, 34.6916, 1.8312, -0.3602],
    [14.8947, 34.6917, 1.8306, -0.3602],
    [15.0311, 34.8960, 1.6544, -0.3602],
    [15.0310, 34.8961, 1.6539, -0.3602],
    [15.0310, 35.0833, 1.5306, -0.3602],
    [15.0310, 35.0833, 1.5303, -0.3602],
    [15.1646, 35.2875, 1.3536, -0.3602],
    [15.1646, 35.2876, 1.3531, -0.3602],
    [15.3007, 35.4960, 1.1718, -0.3602],
    [15.3006, 35.4961, 1.1713, -0.3602],
    [15.3006, 35.6797, 1.0489, -0.3602],
    [15.3006, 35.6797, 1.0486, -0.3602],
    [15.4338, 35.8879, 0.8669, -0.3602],
    [15.4338, 35.8880, 0.8664, -0.3602],
    [15.4338, 36.0717, 0.7429, -0.3602],
    [15.4338, 36.0717, 0.7426, -0.3602],
    [15.5695, 36.2806, 0.5582, -0.3602],
    [15.5694, 36.2807, 0.5577, -0.3602],
    [15.7023, 36.4856, 0.3759, -0.3602],
    [15.7023, 36.4857, 0.3753, -0.3602],
    [15.7023, 36.6732, 0.2478, -0.3602],
    [15.7023, 36.6732, 0.2476, -0.3602],
    [15.8377, 36.8788, 0.0630, -0.3602],
    [15.8376, 36.8789, 0.0625, -0.3602],
    [15.8376, 37.0665, -0.0661, -0.3602],
    [15.8376, 37.0665, -0.0663, -0.3602],
    [15.9701, 37.2719, -0.2513, -0.3602],
    [15.9701, 37.2720, -0.2518, -0.3602],
    [15.9701, 37.4597, -0.3814, -0.3602],
    [15.9701, 37.4597, -0.3817, -0.3602],
    [16.1051, 37.6657, -0.5694, -0.3602],
    [16.1050, 37.6658, -0.5699, -0.3602],
    [16.1050, 37.8537, -0.7006, -0.3602],
    [16.1050, 37.8537, -0.7009, -0.3602],
    [16.2372, 38.0595, -0.8889, -0.3602],
    [16.2371, 38.0596, -0.8895, -0.3602],
    [16.2371, 38.2475, -1.0212, -0.3602],
    [16.2371, 38.2476, -1.0215, -0.3602],
    [16.3718, 38.4540, -1.2123, -0.3602],
    [16.3717, 38.4541, -1.2129, -0.3602],
    [16.3717, 38.6422, -1.3457, -0.3602],
    [16.3717, 38.6422, -1.3460, -0.3602],
    [16.5036, 38.8485, -1.5372, -0.3602],
    [16.5035, 38.8486, -1.5377, -0.3602],
    [16.5035, 39.0368, -1.6717, -0.3602],
    [16.5035, 39.0368, -1.6719, -0.3602],
    [16.6378, 39.2474, -1.8686, -0.3602],
    [16.6377, 39.2475, -1.8691, -0.3602],
    [16.6377, 39.4321, -2.0015, -0.3602],
    [16.6377, 39.4322, -2.0018, -0.3602],
    [16.6377, 39.6206, -2.1373, -0.3602],
    [16.6377, 39.6206, -2.1376, -0.3602],
    [16.7692, 39.8274, -2.3325, -0.3602],
    [16.7691, 39.8275, -2.3331, -0.3602],
    [16.7691, 40.0160, -2.4697, -0.3602],
    [16.7691, 40.0161, -2.4700, -0.3602],
    [16.7691, 40.2010, -2.6045, -0.3602],
    [16.7691, 40.2010, -2.6047, -0.3602],
    [16.9031, 40.4122, -2.8058, -0.3602],
    [16.9030, 40.4123, -2.8063, -0.3602],
    [16.9030, 40.5974, -2.9419, -0.3602],
    [16.9030, 40.5974, -2.9422, -0.3602],
    [16.9030, 40.7863, -3.0810, -0.3602],
    [16.9030, 40.7863, -3.0813, -0.3602],
    [17.0341, 40.9936, -3.2805, -0.3602],
    [17.0340, 40.9937, -3.2811, -0.3602],
    [17.0340, 41.1827, -3.4210, -0.3602],
    [17.0340, 41.1828, -3.4213, -0.3602],
    [17.0340, 41.3681, -3.5590, -0.3602],
    [17.0340, 41.3682, -3.5593, -0.3602],
    [17.1676, 41.5800, -3.7647, -0.3602],
    [17.1675, 41.5801, -3.7653, -0.3602],
    [17.1675, 41.7656, -3.9041, -0.3602],
    [17.1675, 41.7656, -3.9044, -0.3602],
    [17.1675, 41.9550, -4.0466, -0.3602],
    [17.1675, 41.9550, -4.0468, -0.3602],
    [17.2982, 42.1630, -4.2505, -0.3602],
    [17.2981, 42.1631, -4.2510, -0.3602],
    [17.2981, 42.3525, -4.3943, -0.3602],
    [17.2981, 42.3526, -4.3946, -0.3602],
    [17.2981, 42.5384, -4.5356, -0.3602],
    [17.2981, 42.5385, -4.5359, -0.3602],
    [17.2981, 42.7281, -4.6803, -0.3602],
    [17.2981, 42.7282, -4.6806, -0.3602],
    [17.4313, 42.9370, -4.8883, -0.3602],
    [17.4312, 42.9371, -4.8888, -0.3602],
    [17.4312, 43.1269, -5.0344, -0.3602],
    [17.4312, 43.1270, -5.0346, -0.3602],
    [17.4312, 43.3132, -5.1779, -0.3602],
    [17.4312, 43.3132, -5.1781, -0.3602],
    [17.4312, 43.5032, -5.3248, -0.3602],
    [17.4312, 43.5033, -5.3251, -0.3602],
    [17.5616, 43.7120, -5.5343, -0.3602],
    [17.5615, 43.7122, -5.5349, -0.3602],
    [17.5615, 43.9023, -5.6827, -0.3602],
    [17.5615, 43.9024, -5.6830, -0.3602],
    [17.5615, 44.0889, -5.8285, -0.3602],
    [17.5615, 44.0890, -5.8287, -0.3602],
    [17.5615, 44.2794, -5.9777, -0.3602],
    [17.5615, 44.2794, -5.9780, -0.3602],
    [17.5615, 44.4662, -6.1246, -0.3602],
    [17.5615, 44.4663, -6.1249, -0.3602],
    [17.6943, 44.6797, -6.3418, -0.3602],
    [17.6942, 44.6798, -6.3423, -0.3602],
    [17.6942, 44.8668, -6.4901, -0.3602],
    [17.6942, 44.8668, -6.4904, -0.3602],
    [17.6942, 45.0576, -6.6416, -0.3602],
    [17.6942, 45.0577, -6.6419, -0.3602],
    [17.6942, 45.2448, -6.7908, -0.3602],
    [17.6942, 45.2449, -6.7911, -0.3602],
    [17.6942, 45.4359, -6.9435, -0.3602],
    [17.6942, 45.4359, -6.9438, -0.3602],
    [17.6942, 45.6233, -7.0938, -0.3602],
    [17.6942, 45.6234, -7.0941, -0.3602],
    [17.6942, 45.8146, -7.2477, -0.3602],
    [17.6942, 45.8146, -7.2480, -0.3602],
    [17.8242, 46.0246, -7.4654, -0.3602],
    [17.8241, 46.0247, -7.4659, -0.3602],
    [17.8241, 46.2162, -7.6207, -0.3602],
    [17.8241, 46.2162, -7.6210, -0.3602],
    [17.8241, 46.4040, -7.7734, -0.3602],
    [17.8241, 46.4041, -7.7737, -0.3602],
    [17.8241, 46.5957, -7.9296, -0.3602],
    [17.8241, 46.5958, -7.9299, -0.3602],
    [17.8241, 46.7838, -8.0834, -0.3602],
    [17.8241, 46.7839, -8.0837, -0.3602],
    [17.8241, 46.9757, -8.2409, -0.3602],
    [17.8241, 46.9758, -8.2412, -0.3602],
    [17.8241, 47.1641, -8.3959, -0.3602],
    [17.8241, 47.1641, -8.3962, -0.3602],
    [17.8241, 47.3562, -8.5545, -0.3602],
    [17.8241, 47.3563, -8.5548, -0.3602],
    [17.8241, 47.5448, -8.7107, -0.3602],
    [17.8241, 47.5449, -8.7110, -0.3602],
    [17.8241, 47.7372, -8.8705, -0.3602],
    [17.8241, 47.7373, -8.8708, -0.3602],
    [17.8241, 47.9260, -9.0279, -0.3602],
    [17.8241, 47.9261, -9.0281, -0.3602],
    [17.8241, 48.1187, -9.1889, -0.3602],
    [17.8241, 48.1188, -9.1892, -0.3602],
    [17.8241, 48.3077, -9.3474, -0.3602],
    [17.8241, 48.3078, -9.3477, -0.3602],
    [17.8241, 48.5007, -9.5097, -0.3602],
    [17.8241, 48.5007, -9.5101, -0.3602],
    [17.8241, 48.6900, -9.6695, -0.3602],
    [17.8241, 48.6900, -9.6698, -0.3602],
    [17.8241, 48.8832, -9.8330, -0.3602],
    [17.8241, 48.8832, -9.8333, -0.3602],
    [17.8241, 49.0727, -9.9939, -0.3602],
    [17.8241, 49.0728, -9.9942, -0.3602],
    [17.8241, 49.2662, -10.1587, -0.3602],
    [17.8241, 49.2663, -10.1590, -0.3602],
    [17.8241, 49.4560, -10.3209, -0.3602],
    [17.8241, 49.4561, -10.3212, -0.3602],
    [17.8241, 49.6497, -10.4869, -0.3602],
    [17.8241, 49.6498, -10.4872, -0.3602],
    [17.8241, 49.8398, -10.6502, -0.3602],
    [17.8241, 49.8399, -10.6506, -0.3602],
    [17.8241, 50.0339, -10.8175, -0.3602],
    [17.8241, 50.0339, -10.8178, -0.3602],
    [17.8241, 50.2242, -10.9821, -0.3602],
    [17.8241, 50.2243, -10.9824, -0.3602],
    [17.8241, 50.4185, -11.1507, -0.3602],
    [17.8241, 50.4186, -11.1510, -0.3602],
    [17.8241, 50.6092, -11.3165, -0.3602],
    [17.8241, 50.6092, -11.3169, -0.3602],
    [17.8241, 50.8037, -11.4864, -0.3602],
    [17.8241, 50.8038, -11.4867, -0.3602],
    [17.8241, 50.9947, -11.6535, -0.3602],
    [17.8241, 50.9947, -11.6538, -0.3602],
    [17.8241, 51.1896, -11.8246, -0.3602],
    [17.8241, 51.1896, -11.8249, -0.3602],
    [17.8241, 51.3808, -11.9930, -0.3602],
    [17.8241, 51.3809, -11.9933, -0.3602],
    [17.8241, 51.5760, -12.1654, -0.3602],
    [17.8241, 51.5761, -12.1657, -0.3602],
    [17.8241, 51.7675, -12.3350, -0.3602],
    [17.8241, 51.7676, -12.3354, -0.3602],
    [17.6943, 51.9410, -12.4410, -0.3602],
    [17.6942, 51.9412, -12.4416, -0.3602],
    [17.6942, 52.1329, -12.6122, -0.3602],
    [17.6942, 52.1330, -12.6125, -0.3602],
    [17.6942, 52.3288, -12.7871, -0.3602],
    [17.6942, 52.3289, -12.7875, -0.3602],
    [17.6942, 52.5209, -12.9594, -0.3602],
    [17.6942, 52.5210, -12.9597, -0.3602],
    [17.6942, 52.7171, -13.1357, -0.3602],
    [17.6942, 52.7172, -13.1360, -0.3602],
    [17.6942, 52.9095, -13.3092, -0.3602],
    [17.6942, 52.9096, -13.3095, -0.3602],
    [17.5616, 53.0838, -13.4180, -0.3602],
    [17.5615, 53.0840, -13.4186, -0.3602],
    [17.5615, 53.2767, -13.5931, -0.3602],
    [17.5615, 53.2768, -13.5934, -0.3602],
    [17.5615, 53.4736, -13.7720, -0.3602],
    [17.5615, 53.4736, -13.7724, -0.3602],
    [17.5615, 53.6667, -13.9482, -0.3602],
    [17.5615, 53.6668, -13.9485, -0.3602],
    [17.5615, 53.8639, -14.1285, -0.3602],
    [17.5615, 53.8639, -14.1288, -0.3602],
    [17.4313, 54.0358, -14.2388, -0.3602],
    [17.4312, 54.0360, -14.2394, -0.3602],
    [17.4312, 54.2334, -14.4207, -0.3602],
    [17.4312, 54.2335, -14.4211, -0.3602],
    [17.4312, 54.4272, -14.5995, -0.3602],
    [17.4312, 54.4273, -14.5998, -0.3602],
    [17.4312, 54.6251, -14.7825, -0.3602],
    [17.4312, 54.6252, -14.7829, -0.3602],
    [17.4312, 54.8193, -14.9627, -0.3602],
    [17.4312, 54.8194, -14.9630, -0.3602],
    [17.2982, 54.9958, -15.0789, -0.3602],
    [17.2981, 54.9960, -15.0795, -0.3602],
    [17.2981, 55.1904, -15.2606, -0.3602],
    [17.2981, 55.1905, -15.2610, -0.3602],
    [17.2981, 55.3891, -15.4464, -0.3602],
    [17.2981, 55.3892, -15.4468, -0.3602],
    [17.1676, 55.5628, -15.5628, -0.3602],
    [17.1675, 55.5630, -15.5634, -0.3602],
    [17.1675, 55.7619, -15.7502, -0.3602],
    [17.1675, 55.7620, -15.7506, -0.3602],
    [17.1675, 55.9572, -15.9345, -0.3602],
    [17.1675, 55.9573, -15.9348, -0.3602],
    [17.1675, 56.1566, -16.1231, -0.3602],
    [17.1675, 56.1567, -16.1235, -0.3602],
    [17.0341, 56.3309, -16.2413, -0.3602],
    [17.0340, 56.3311, -16.2419, -0.3602],
    [17.0340, 56.5308, -16.4315, -0.3602],
    [17.0340, 56.5309, -16.4319, -0.3602],
    [17.0340, 56.7269, -16.6186, -0.3602],
    [17.0340, 56.7270, -16.6190, -0.3602],
    [16.9031, 56.9063, -16.7443, -0.3602],
    [16.9030, 56.9065, -16.7449, -0.3602],
    [16.9030, 57.1029, -16.9330, -0.3602],
    [16.9030, 57.1030, -16.9333, -0.3602],
    [16.9030, 57.3035, -17.1259, -0.3602],
    [16.9030, 57.3036, -17.1263, -0.3602],
    [16.7692, 57.4794, -17.2491, -0.3602],
    [16.7691, 57.4796, -17.2497, -0.3602],
    [16.7691, 57.6805, -17.4437, -0.3602],
    [16.7691, 57.6806, -17.4441, -0.3602],
    [16.6378, 57.8574, -17.5700, -0.3602],
    [16.6377, 57.8576, -17.5706, -0.3602],
    [16.6377, 58.0589, -17.7661, -0.3602],
    [16.6377, 58.0591, -17.7664, -0.3602],
    [16.6377, 58.2606, -17.9627, -0.3602],
    [16.6377, 58.2608, -17.9631, -0.3602],
    [16.5036, 58.4379, -18.0903, -0.3602],
    [16.5035, 58.4381, -18.0909, -0.3602],
    [16.5035, 58.6401, -18.2886, -0.3602],
    [16.5035, 58.6403, -18.2890, -0.3602],
    [16.3718, 58.8184, -18.4194, -0.3602],
    [16.3717, 58.8186, -18.4200, -0.3602],
    [16.3717, 59.0211, -18.6192, -0.3602],
    [16.3717, 59.0212, -18.6196, -0.3602],
    [16.3717, 59.2200, -18.8156, -0.3602],
    [16.3717, 59.2201, -18.8160, -0.3602],
    [16.2372, 59.4027, -18.9517, -0.3602],
    [16.2371, 59.4029, -18.9523, -0.3602],
    [16.2371, 59.6021, -19.1499, -0.3602],
    [16.2371, 59.6022, -19.1503, -0.3602],
    [16.1051, 59.7858, -19.2891, -0.3602],
    [16.1050, 59.7860, -19.2897, -0.3602],
    [16.1050, 59.9856, -19.4888, -0.3602],
    [16.1050, 59.9858, -19.4892, -0.3602],
    [15.9701, 60.1696, -19.6288, -0.3602],
    [15.9701, 60.1698, -19.6294, -0.3602],
    [15.9701, 60.3700, -19.8300, -0.3602],
    [15.9701, 60.3701, -19.8304, -0.3602],
    [15.8377, 60.5550, -19.9732, -0.3602],
    [15.8376, 60.5552, -19.9738, -0.3602],
    [15.8376, 60.7558, -20.1760, -0.3602],
    [15.8376, 60.7560, -20.1764, -0.3602],
    [15.7023, 60.9411, -20.3199, -0.3602],
    [15.7023, 60.9413, -20.3206, -0.3602],
    [15.5695, 61.1233, -20.4626, -0.3602],
    [15.5694, 61.1235, -20.4632, -0.3602],
    [15.5694, 61.3289, -20.6717, -0.3602],
    [15.5694, 61.3290, -20.6721, -0.3602],
    [15.4338, 61.5112, -20.8149, -0.3602],
    [15.4338, 61.5115, -20.8155, -0.3602],
    [15.4338, 61.7173, -21.0256, -0.3602],
    [15.4338, 61.7175, -21.0261, -0.3602],
    [15.3007, 61.9008, -21.1721, -0.3602],
    [15.3006, 61.9010, -21.1727, -0.3602],
    [15.1646, 62.0883, -21.3229, -0.3602],
    [15.1646, 62.0886, -21.3235, -0.3602],
    [15.1646, 62.2912, -21.5319, -0.3602],
    [15.1646, 62.2913, -21.5324, -0.3602],
    [15.0311, 62.4798, -21.6858, -0.3602],
    [15.0310, 62.4800, -21.6865, -0.3602],
    [14.8948, 62.6644, -21.8358, -0.3602],
    [14.8947, 62.6647, -21.8365, -0.3602],
    [14.8947, 62.8721, -22.0515, -0.3602],
    [14.8947, 62.8723, -22.0520, -0.3602],
    [14.7609, 63.0578, -22.2046, -0.3602],
    [14.7608, 63.0580, -22.2053, -0.3602],
    [14.6242, 63.2477, -22.3622, -0.3602],
    [14.6241, 63.2479, -22.3629, -0.3602],
    [14.4900, 63.4343, -22.5181, -0.3602],
    [14.4899, 63.4345, -22.5188, -0.3602],
    [14.4899, 63.6431, -22.7371, -0.3602],
    [14.4899, 63.6433, -22.7376, -0.3602],
    [14.3530, 63.8300, -22.8938, -0.3602],
    [14.3529, 63.8302, -22.8945, -0.3602],
    [14.2184, 64.0219, -23.0574, -0.3602],
    [14.2184, 64.0221, -23.0581, -0.3602],
    [14.0811, 64.2097, -23.2169, -0.3602],
    [14.0810, 64.2100, -23.2176, -0.3602],
    [14.0810, 64.4198, -23.4394, -0.3602],
    [14.0810, 64.4199, -23.4398, -0.3602],
    [13.9462, 64.6086, -23.6020, -0.3602],
    [13.9461, 64.6089, -23.6026, -0.3602],
    [13.8085, 64.8018, -23.7693, -0.3602],
    [13.8084, 64.8021, -23.7700, -0.3602],
    [13.6734, 64.9917, -23.9348, -0.3602],
    [13.6733, 64.9919, -23.9355, -0.3602],
    [13.5353, 65.1858, -24.1050, -0.3602],
    [13.5353, 65.1861, -24.1057, -0.3602],
    [13.3999, 65.3766, -24.2732, -0.3602],
    [13.3998, 65.3769, -24.2739, -0.3602],
    [13.2615, 65.5717, -24.4461, -0.3602],
    [13.2615, 65.5719, -24.4468, -0.3602],
    [13.1258, 65.7634, -24.6171, -0.3602],
    [13.1257, 65.7637, -24.6177, -0.3602],
    [12.9871, 65.9595, -24.7928, -0.3602],
    [12.9870, 65.9597, -24.7935, -0.3602],
    [12.9870, 66.1682, -25.0188, -0.3602],
    [12.9870, 66.1683, -25.0193, -0.3602],
    [12.8510, 66.3653, -25.1977, -0.3602],
    [12.8510, 66.3655, -25.1984, -0.3602],
    [12.7121, 66.3493, -25.1455, -0.3602],
    [12.7120, 66.3494, -25.1458, -0.3602],
    [12.5757, 66.5428, -25.3216, -0.3602],
    [12.5756, 66.5431, -25.3223, -0.3602],
    [12.4364, 66.7409, -25.5030, -0.3602],
    [12.4364, 66.7411, -25.5038, -0.3602],
    [12.2998, 66.9355, -25.6824, -0.3602],
    [12.2997, 66.9357, -25.6831, -0.3602],
    [12.1602, 67.1345, -25.8667, -0.3602],
    [12.1602, 67.1348, -25.8675, -0.3602],
    [12.0233, 67.3301, -26.0489, -0.3602],
    [12.0232, 67.3304, -26.0496, -0.3602],
    [11.8834, 67.5302, -26.2362, -0.3602],
    [11.8834, 67.5304, -26.2370, -0.3602],
    [11.7462, 67.7268, -26.4213, -0.3602],
    [11.7461, 67.7271, -26.4221, -0.3602],
    [11.6061, 67.9279, -26.6116, -0.3602],
    [11.6060, 67.9282, -26.6123, -0.3602],
    [11.4686, 67.9138, -26.5651, -0.3602],
    [11.4685, 67.9139, -26.5654, -0.3602],
    [11.3282, 68.1111, -26.7522, -0.3602],
    [11.3281, 68.1114, -26.7530, -0.3602],
    [11.1904, 68.3137, -26.9469, -0.3602],
    [11.1903, 68.3140, -26.9477, -0.3602],
    [11.0497, 68.5123, -27.1375, -0.3602],
    [11.0497, 68.5126, -27.1383, -0.3602],
    [10.9117, 68.7160, -27.3353, -0.3602],
    [10.9116, 68.7162, -27.3361, -0.3602],
    [10.7707, 68.7024, -27.2905, -0.3602],
    [10.7707, 68.7025, -27.2908, -0.3602],
    [10.6324, 68.9023, -27.4851, -0.3602],
    [10.6324, 68.9026, -27.4858, -0.3602],
    [10.4912, 69.1069, -27.6855, -0.3602],
    [10.4912, 69.1072, -27.6863, -0.3602],
    [10.3527, 69.0941, -27.6433, -0.3602],
    [10.3526, 69.0942, -27.6436, -0.3602],
    [10.2112, 69.2950, -27.8405, -0.3602],
    [10.2112, 69.2953, -27.8413, -0.3602],
    [10.0724, 69.5011, -28.0455, -0.3602],
    [10.0724, 69.5014, -28.0463, -0.3602],
    [9.9307, 69.4886, -28.0041, -0.3602],
    [9.9307, 69.4887, -28.0044, -0.3602],
    [9.7917, 69.6910, -28.2058, -0.3602],
    [9.7916, 69.6913, -28.2066, -0.3602],
    [9.6498, 69.8982, -28.4136, -0.3602],
    [9.6497, 69.8985, -28.4144, -0.3602],
    [9.5105, 69.8864, -28.3746, -0.3602],
    [9.5104, 69.8865, -28.3749, -0.3602],
    [9.3683, 70.0898, -28.5792, -0.3602],
    [9.3683, 70.0901, -28.5800, -0.3602],
    [9.2288, 70.0783, -28.5414, -0.3602],
    [9.2288, 70.0784, -28.5417, -0.3602],
    [9.0864, 70.2868, -28.7530, -0.3602],
    [9.0864, 70.2871, -28.7538, -0.3602],
    [8.9467, 70.4920, -28.9626, -0.3602],
    [8.9466, 70.4923, -28.9634, -0.3602],
    [8.8041, 70.4808, -28.9256, -0.3602],
    [8.8040, 70.4809, -28.9259, -0.3602],
    [8.6641, 70.6909, -29.1418, -0.3602],
    [8.6641, 70.6912, -29.1426, -0.3602],
    [8.5213, 70.6800, -29.1060, -0.3602],
    [8.5212, 70.6801, -29.1063, -0.3602],
    [8.3811, 70.8865, -29.3194, -0.3602],
    [8.3811, 70.8868, -29.3202, -0.3602],
    [8.2381, 70.8760, -29.2847, -0.3602],
    [8.2380, 70.8761, -29.2850, -0.3602],
    [8.0977, 71.0876, -29.5052, -0.3602],
    [8.0977, 71.0879, -29.5061, -0.3602],
    [7.9545, 71.0775, -29.4718, -0.3602],
    [7.9544, 71.0776, -29.4721, -0.3602],
    [7.8139, 71.2854, -29.6895, -0.3602],
    [7.8139, 71.2857, -29.6903, -0.3602],
    [7.6705, 71.2757, -29.6572, -0.3602],
    [7.6704, 71.2757, -29.6575, -0.3602],
    [7.5297, 71.4887, -29.8821, -0.3602],
    [7.5297, 71.4891, -29.8829, -0.3602],
    [7.3861, 71.4793, -29.8509, -0.3602],
    [7.3861, 71.4794, -29.8513, -0.3602],
    [7.2452, 71.4701, -29.8205, -0.3602],
    [7.2451, 71.4702, -29.8208, -0.3602],
    [7.1014, 71.6796, -30.0425, -0.3602],
    [7.1013, 71.6799, -30.0434, -0.3602],
    [6.9603, 71.6709, -30.0138, -0.3602],
    [6.9602, 71.6710, -30.0141, -0.3602],
    [6.8163, 71.6620, -29.9845, -0.3602],
    [6.8162, 71.6621, -29.9848, -0.3602],
    [6.6750, 71.8770, -30.2150, -0.3602],
    [6.6750, 71.8773, -30.2159, -0.3602],
    [6.5308, 71.8687, -30.1875, -0.3602],
    [6.5308, 71.8688, -30.1878, -0.3602],
    [6.3866, 72.0799, -30.4146, -0.3602],
    [6.3865, 72.0802, -30.4155, -0.3602],
    [6.2451, 72.0721, -30.3888, -0.3602],
    [6.2450, 72.0722, -30.3891, -0.3602],
    [6.1006, 72.0641, -30.3624, -0.3602],
    [6.1006, 72.0642, -30.3628, -0.3602],
    [5.9590, 72.2809, -30.5981, -0.3602],
    [5.9589, 72.2812, -30.5990, -0.3602],
    [5.8144, 72.2735, -30.5735, -0.3602],
    [5.8144, 72.2736, -30.5738, -0.3602],
    [5.6726, 72.2662, -30.5495, -0.3602],
    [5.6726, 72.2663, -30.5498, -0.3602],
    [5.5279, 72.4794, -30.7824, -0.3602],
    [5.5279, 72.4797, -30.7833, -0.3602],
    [5.3859, 72.4727, -30.7601, -0.3602],
    [5.3859, 72.4728, -30.7604, -0.3602],
    [5.2411, 72.4658, -30.7374, -0.3602],
    [5.2411, 72.4659, -30.7377, -0.3602],
    [5.0990, 72.6845, -30.9788, -0.3602],
    [5.0990, 72.6848, -30.9797, -0.3602],
    [4.9540, 72.6782, -30.9578, -0.3602],
    [4.9540, 72.6783, -30.9582, -0.3602],
    [4.8118, 72.6720, -30.9374, -0.3602],
    [4.8118, 72.6721, -30.9377, -0.3602],
    [4.6667, 72.6658, -30.9171, -0.3602],
    [4.6667, 72.6659, -30.9174, -0.3602],
    [4.5244, 72.8813, -31.1568, -0.3602],
    [4.5244, 72.8816, -31.1577, -0.3602],
    [4.3792, 72.8757, -31.1383, -0.3602],
    [4.3792, 72.8758, -31.1386, -0.3602],
    [4.2367, 72.8702, -31.1202, -0.3602],
    [4.2367, 72.8703, -31.1205, -0.3602],
    [4.0914, 72.8648, -31.1023, -0.3602],
    [4.0914, 72.8649, -31.1026, -0.3602],
    [3.9489, 73.0859, -31.3507, -0.3602],
    [3.9489, 73.0862, -31.3517, -0.3602],
    [3.8034, 73.0811, -31.3347, -0.3602],
    [3.8034, 73.0812, -31.3350, -0.3602],
    [3.6608, 73.0763, -31.3190, -0.3602],
    [3.6608, 73.0764, -31.3193, -0.3602],
    [3.5153, 73.0716, -31.3036, -0.3602],
    [3.5153, 73.0717, -31.3039, -0.3602],
    [3.3726, 73.0673, -31.2891, -0.3602],
    [3.3725, 73.0673, -31.2894, -0.3602],
    [3.2269, 73.2852, -31.5361, -0.3602],
    [3.2269, 73.2855, -31.5371, -0.3602],
    [3.0841, 73.2814, -31.5235, -0.3602],
    [3.0841, 73.2815, -31.5238, -0.3602],
    [2.9384, 73.2775, -31.5105, -0.3602],
    [2.9384, 73.2776, -31.5108, -0.3602],
    [2.7955, 73.2738, -31.4984, -0.3602],
    [2.7955, 73.2739, -31.4987, -0.3602],
    [2.6498, 73.2702, -31.4867, -0.3602],
    [2.6497, 73.2703, -31.4870, -0.3602],
    [2.5068, 73.2669, -31.4759, -0.3602],
    [2.5068, 73.2670, -31.4762, -0.3602],
    [2.3610, 73.2638, -31.4654, -0.3602],
    [2.3610, 73.2639, -31.4657, -0.3602],
    [2.2180, 73.4879, -31.7233, -0.3602],
    [2.2179, 73.4883, -31.7243, -0.3602],
    [2.0721, 73.4854, -31.7147, -0.3602],
    [2.0720, 73.4855, -31.7151, -0.3602],
    [1.9290, 73.4829, -31.7063, -0.3602],
    [1.9290, 73.4830, -31.7066, -0.3602],
    [1.7830, 73.4804, -31.6983, -0.3602],
    [1.7830, 73.4805, -31.6986, -0.3602],
    [1.6399, 73.4782, -31.6911, -0.3602],
    [1.6399, 73.4783, -31.6914, -0.3602],
    [1.4939, 73.4762, -31.6843, -0.3602],
    [1.4939, 73.4763, -31.6846, -0.3602],
    [1.3508, 73.4744, -31.6783, -0.3602],
    [1.3508, 73.4745, -31.6786, -0.3602],
    [1.2047, 73.4727, -31.6728, -0.3602],
    [1.2047, 73.4728, -31.6731, -0.3602],
    [1.0616, 73.4713, -31.6680, -0.3602],
    [1.0616, 73.4713, -31.6683, -0.3602],
    [0.9155, 73.4700, -31.6638, -0.3602],
    [0.9155, 73.4701, -31.6641, -0.3602],
    [0.7723, 73.4689, -31.6602, -0.3602],
    [0.7723, 73.4690, -31.6605, -0.3602],
    [0.6262, 73.4680, -31.6572, -0.3602],
    [0.6262, 73.4681, -31.6575, -0.3602],
    [0.4830, 73.6904, -31.9183, -0.3602],
    [0.4830, 73.6908, -31.9193, -0.3602],
    [0.3369, 73.6901, -31.9172, -0.3602],
    [0.3369, 73.6902, -31.9176, -0.3602],
    [0.1936, 73.6898, -31.9161, -0.3602],
    [0.1936, 73.6899, -31.9164, -0.3602],
    [0.0475, 73.6896, -31.9156, -0.3602],
    [0.0475, 73.6897, -31.9159, -0.3602],
    [-0.0957, 73.6897, -31.9157, -0.3602],
    [-0.0957, 73.6898, -31.9160, -0.3602],
    [-0.2418, 73.6899, -31.9164, -0.3602],
    [-0.2418, 73.6900, -31.9167, -0.3602],
    [-0.3850, 73.6903, -31.9178, -0.3602],
    [-0.3850, 73.6904, -31.9181, -0.3602],
    [-0.5311, 73.6909, -31.9197, -0.3602],
    [-0.5311, 73.6910, -31.9200, -0.3602],
    [-0.6744, 73.4680, -31.6575, -0.3602],
    [-0.6744, 73.4683, -31.6584, -0.3602],
    [-0.8204, 73.4692, -31.6613, -0.3602],
    [-0.8204, 73.4693, -31.6617, -0.3602],
    [-0.9636, 73.4704, -31.6651, -0.3602],
    [-0.9636, 73.4705, -31.6654, -0.3602],
    [-1.1097, 73.4717, -31.6696, -0.3602],
    [-1.1097, 73.4718, -31.6699, -0.3602],
    [-1.2529, 73.4732, -31.6746, -0.3602],
    [-1.2529, 73.4733, -31.6749, -0.3602],
    [-1.3989, 73.4750, -31.6803, -0.3602],
    [-1.3989, 73.4751, -31.6806, -0.3602],
    [-1.5421, 73.4769, -31.6865, -0.3602],
    [-1.5420, 73.4769, -31.6868, -0.3602],
    [-1.6880, 73.4790, -31.6934, -0.3602],
    [-1.6880, 73.4791, -31.6937, -0.3602],
    [-1.8311, 73.4812, -31.7009, -0.3602],
    [-1.8311, 73.4813, -31.7012, -0.3602],
    [-1.9771, 73.4837, -31.7091, -0.3602],
    [-1.9771, 73.4838, -31.7094, -0.3602],
    [-2.1201, 73.4863, -31.7177, -0.3602],
    [-2.1201, 73.4864, -31.7180, -0.3602],
    [-2.2660, 73.4892, -31.7272, -0.3602],
    [-2.2660, 73.4893, -31.7275, -0.3602],
    [-2.4090, 73.2645, -31.4681, -0.3602],
    [-2.4090, 73.2649, -31.4691, -0.3602],
    [-2.5549, 73.2680, -31.4794, -0.3602],
    [-2.5549, 73.2681, -31.4798, -0.3602],
    [-2.6978, 73.2714, -31.4905, -0.3602],
    [-2.6978, 73.2715, -31.4908, -0.3602],
    [-2.8436, 73.2750, -31.5024, -0.3602],
    [-2.8436, 73.2751, -31.5027, -0.3602],
    [-2.9864, 73.2787, -31.5147, -0.3602],
    [-2.9864, 73.2788, -31.5150, -0.3602],
    [-3.1321, 73.2827, -31.5279, -0.3602],
    [-3.1321, 73.2828, -31.5282, -0.3602],
    [-3.2749, 73.2868, -31.5414, -0.3602],
    [-3.2749, 73.2869, -31.5417, -0.3602],
    [-3.4205, 73.0685, -31.2933, -0.3602],
    [-3.4205, 73.0688, -31.2942, -0.3602],
    [-3.5632, 73.0732, -31.3086, -0.3602],
    [-3.5632, 73.0733, -31.3089, -0.3602],
    [-3.7088, 73.0779, -31.3242, -0.3602],
    [-3.7087, 73.0780, -31.3245, -0.3602],
    [-3.8514, 73.0827, -31.3401, -0.3602],
    [-3.8514, 73.0828, -31.3404, -0.3602],
    [-3.9968, 73.0879, -31.3570, -0.3602],
    [-3.9968, 73.0880, -31.3573, -0.3602],
    [-4.1393, 72.8663, -31.1075, -0.3602],
    [-4.1393, 72.8667, -31.1084, -0.3602],
    [-4.2846, 72.8721, -31.1262, -0.3602],
    [-4.2846, 72.8722, -31.1265, -0.3602],
    [-4.4270, 72.8776, -31.1445, -0.3602],
    [-4.4270, 72.8777, -31.1448, -0.3602],
    [-4.5723, 72.8835, -31.1638, -0.3602],
    [-4.5722, 72.8836, -31.1641, -0.3602],
    [-4.7146, 72.6676, -30.9231, -0.3602],
    [-4.7145, 72.6679, -30.9240, -0.3602],
    [-4.8596, 72.6740, -30.9442, -0.3602],
    [-4.8596, 72.6741, -30.9445, -0.3602],
    [-5.0018, 72.6803, -30.9649, -0.3602],
    [-5.0018, 72.6804, -30.9652, -0.3602],
    [-5.1468, 72.4611, -30.7223, -0.3602],
    [-5.1468, 72.4615, -30.7232, -0.3602],
    [-5.2888, 72.4680, -30.7448, -0.3602],
    [-5.2888, 72.4681, -30.7451, -0.3602],
    [-5.4337, 72.4750, -30.7677, -0.3602],
    [-5.4336, 72.4751, -30.7680, -0.3602],
    [-5.5756, 72.4820, -30.7908, -0.3602],
    [-5.5756, 72.4821, -30.7911, -0.3602],
    [-5.7203, 72.2684, -30.5569, -0.3602],
    [-5.7202, 72.2687, -30.5578, -0.3602],
    [-5.8621, 72.2760, -30.5817, -0.3602],
    [-5.8620, 72.2761, -30.5821, -0.3602],
    [-6.0066, 72.2837, -30.6071, -0.3602],
    [-6.0066, 72.2838, -30.6074, -0.3602],
    [-6.1482, 72.0665, -30.3705, -0.3602],
    [-6.1482, 72.0668, -30.3714, -0.3602],
    [-6.2926, 72.0748, -30.3976, -0.3602],
    [-6.2926, 72.0749, -30.3979, -0.3602],
    [-6.4341, 72.0829, -30.4242, -0.3602],
    [-6.4341, 72.0830, -30.4245, -0.3602],
    [-6.5783, 71.8712, -30.1961, -0.3602],
    [-6.5783, 71.8716, -30.1970, -0.3602],
    [-6.7197, 71.8799, -30.2244, -0.3602],
    [-6.7196, 71.8800, -30.2247, -0.3602],
    [-6.8637, 71.6647, -29.9935, -0.3602],
    [-6.8637, 71.6650, -29.9944, -0.3602],
    [-7.0049, 71.6737, -30.0230, -0.3602],
    [-7.0048, 71.6738, -30.0233, -0.3602],
    [-7.1488, 71.6828, -30.0531, -0.3602],
    [-7.1487, 71.6829, -30.0534, -0.3602],
    [-7.2897, 71.4728, -29.8295, -0.3602],
    [-7.2897, 71.4731, -29.8304, -0.3602],
    [-7.4334, 71.4825, -29.8613, -0.3602],
    [-7.4334, 71.4826, -29.8616, -0.3602],
    [-7.5742, 71.2689, -29.6349, -0.3602],
    [-7.5742, 71.2692, -29.6358, -0.3602],
    [-7.7178, 71.2789, -29.6679, -0.3602],
    [-7.7177, 71.2790, -29.6682, -0.3602],
    [-7.8612, 71.2890, -29.7010, -0.3602],
    [-7.8611, 71.2891, -29.7013, -0.3602],
    [-8.0017, 71.0806, -29.4824, -0.3602],
    [-8.0017, 71.0809, -29.4832, -0.3602],
    [-8.1449, 71.0912, -29.5171, -0.3602],
    [-8.1449, 71.0913, -29.5174, -0.3602],
    [-8.2852, 70.8793, -29.2957, -0.3602],
    [-8.2852, 70.8796, -29.2965, -0.3602],
    [-8.4283, 70.8903, -29.3316, -0.3602],
    [-8.4282, 70.8904, -29.3319, -0.3602],
    [-8.5684, 70.6835, -29.1174, -0.3602],
    [-8.5683, 70.6837, -29.1182, -0.3602],
    [-8.7112, 70.6947, -29.1544, -0.3602],
    [-8.7111, 70.6948, -29.1547, -0.3602],
    [-8.8511, 70.4843, -28.9374, -0.3602],
    [-8.8510, 70.4846, -28.9382, -0.3602],
    [-8.9937, 70.2793, -28.7282, -0.3602],
    [-8.9936, 70.2796, -28.7290, -0.3602],
    [-9.1334, 70.2909, -28.7662, -0.3602],
    [-9.1333, 70.2910, -28.7665, -0.3602],
    [-9.2757, 70.0820, -28.5537, -0.3602],
    [-9.2757, 70.0823, -28.5545, -0.3602],
    [-9.4152, 70.0940, -28.5928, -0.3602],
    [-9.4151, 70.0941, -28.5931, -0.3602],
    [-9.5573, 69.8902, -28.3874, -0.3602],
    [-9.5573, 69.8905, -28.3881, -0.3602],
    [-9.6966, 69.6826, -28.1784, -0.3602],
    [-9.6965, 69.6829, -28.1792, -0.3602],
    [-9.8385, 69.6953, -28.2198, -0.3602],
    [-9.8384, 69.6954, -28.2202, -0.3602],
    [-9.9775, 69.4926, -28.0174, -0.3602],
    [-9.9774, 69.4929, -28.0181, -0.3602],
    [-10.1191, 69.5056, -28.0599, -0.3602],
    [-10.1191, 69.5057, -28.0603, -0.3602],
    [-10.2579, 69.2993, -27.8547, -0.3602],
    [-10.2578, 69.2996, -27.8555, -0.3602],
    [-10.3993, 69.0983, -27.6571, -0.3602],
    [-10.3992, 69.0985, -27.6579, -0.3602],
    [-10.5378, 69.1115, -27.7005, -0.3602],
    [-10.5377, 69.1116, -27.7008, -0.3602],
    [-10.6789, 68.9067, -27.4997, -0.3602],
    [-10.6789, 68.9070, -27.5005, -0.3602],
    [-10.8172, 68.7067, -27.3049, -0.3602],
    [-10.8171, 68.7070, -27.3057, -0.3602],
    [-10.9581, 68.5032, -27.1077, -0.3602],
    [-10.9580, 68.5035, -27.1084, -0.3602],
    [-11.0961, 68.5171, -27.1532, -0.3602],
    [-11.0960, 68.5172, -27.1535, -0.3602],
    [-11.2367, 68.3184, -26.9623, -0.3602],
    [-11.2367, 68.3187, -26.9631, -0.3602],
    [-11.3745, 68.1159, -26.7678, -0.3602],
    [-11.3744, 68.1161, -26.7685, -0.3602],
    [-11.5148, 67.9184, -26.5804, -0.3602],
    [-11.5147, 67.9187, -26.5811, -0.3602],
    [-11.6523, 67.9329, -26.6280, -0.3602],
    [-11.6522, 67.9330, -26.6283, -0.3602],
    [-11.7923, 67.7317, -26.4374, -0.3602],
    [-11.7923, 67.7320, -26.4381, -0.3602],
    [-11.9295, 67.5352, -26.2525, -0.3602],
    [-11.9295, 67.5354, -26.2532, -0.3602],
    [-12.0693, 67.3352, -26.0653, -0.3602],
    [-12.0693, 67.3354, -26.0661, -0.3602],
    [-12.2062, 67.1396, -25.8834, -0.3602],
    [-12.2062, 67.1398, -25.8841, -0.3602],
    [-12.3457, 66.9406, -25.6991, -0.3602],
    [-12.3457, 66.9409, -25.6999, -0.3602],
    [-12.4824, 66.7460, -25.5200, -0.3602],
    [-12.4823, 66.7463, -25.5207, -0.3602],
    [-12.6216, 66.5481, -25.3387, -0.3602],
    [-12.6215, 66.5483, -25.3394, -0.3602],
    [-12.7579, 66.3545, -25.1624, -0.3602],
    [-12.7578, 66.3547, -25.1631, -0.3602],
    [-12.8968, 66.1575, -24.9839, -0.3602],
    [-12.8967, 66.1577, -24.9846, -0.3602],
    [-13.0328, 65.9649, -24.8104, -0.3602],
    [-13.0327, 65.9651, -24.8111, -0.3602],
    [-13.1714, 65.7689, -24.6348, -0.3602],
    [-13.1713, 65.7691, -24.6355, -0.3602],
    [-13.3071, 65.5772, -24.4641, -0.3602],
    [-13.3071, 65.5774, -24.4648, -0.3602],
    [-13.4454, 65.3822, -24.2913, -0.3602],
    [-13.4454, 65.3824, -24.2920, -0.3602],
    [-13.5808, 65.1914, -24.1233, -0.3602],
    [-13.5808, 65.1917, -24.1240, -0.3602],
    [-13.7188, 64.9974, -23.9533, -0.3602],
    [-13.7187, 64.9976, -23.9540, -0.3602],
    [-13.8539, 64.8076, -23.7880, -0.3602],
    [-13.8538, 64.8078, -23.7887, -0.3602],
    [-13.9916, 64.6144, -23.6207, -0.3602],
    [-13.9915, 64.6146, -23.6214, -0.3602],
    [-13.9915, 64.4083, -23.4022, -0.3602],
    [-13.9915, 64.4085, -23.4026, -0.3602],
    [-14.1264, 64.2156, -23.2358, -0.3602],
    [-14.1263, 64.2158, -23.2365, -0.3602],
    [-14.2637, 64.0278, -23.0765, -0.3602],
    [-14.2636, 64.0280, -23.0772, -0.3602],
    [-14.3981, 63.8359, -22.9130, -0.3602],
    [-14.3981, 63.8362, -22.9137, -0.3602],
    [-14.5351, 63.6490, -22.7564, -0.3602],
    [-14.5350, 63.6493, -22.7570, -0.3602],
    [-14.5350, 63.4403, -22.5377, -0.3602],
    [-14.5350, 63.4405, -22.5382, -0.3602],
    [-14.6693, 63.2537, -22.3818, -0.3602],
    [-14.6692, 63.2539, -22.3825, -0.3602],
    [-14.8059, 63.0639, -22.2243, -0.3602],
    [-14.8058, 63.0641, -22.2250, -0.3602],
    [-14.8058, 62.8601, -22.0125, -0.3602],
    [-14.8058, 62.8603, -22.0129, -0.3602],
    [-14.9397, 62.6706, -21.8557, -0.3602],
    [-14.9396, 62.6708, -21.8564, -0.3602],
    [-15.0760, 62.4860, -21.7059, -0.3602],
    [-15.0759, 62.4862, -21.7065, -0.3602],
    [-15.0759, 62.2789, -21.4922, -0.3602],
    [-15.0759, 62.2791, -21.4927, -0.3602],
    [-15.2095, 62.0946, -21.3431, -0.3602],
    [-15.2094, 62.0948, -21.3437, -0.3602],
    [-15.3454, 61.9071, -21.1924, -0.3602],
    [-15.3454, 61.9073, -21.1930, -0.3602],
    [-15.3454, 61.7049, -20.9854, -0.3602],
    [-15.3454, 61.7050, -20.9858, -0.3602],
    [-15.4786, 61.5176, -20.8353, -0.3602],
    [-15.4785, 61.5178, -20.8360, -0.3602],
    [-15.6142, 61.3352, -20.6921, -0.3602],
    [-15.6141, 61.3354, -20.6928, -0.3602],
    [-15.6141, 61.1298, -20.4834, -0.3602],
    [-15.6141, 61.1299, -20.4838, -0.3602],
    [-15.7470, 60.9476, -20.3407, -0.3602],
    [-15.7469, 60.9478, -20.3413, -0.3602],
    [-15.7469, 60.7427, -20.1335, -0.3602],
    [-15.7469, 60.7428, -20.1340, -0.3602],
    [-15.8822, 60.5615, -19.9941, -0.3602],
    [-15.8821, 60.5617, -19.9947, -0.3602],
    [-15.8821, 60.3571, -19.7885, -0.3602],
    [-15.8821, 60.3572, -19.7890, -0.3602],
    [-16.0146, 60.1762, -19.6499, -0.3602],
    [-16.0145, 60.1764, -19.6505, -0.3602],
    [-16.0145, 59.9723, -19.4458, -0.3602],
    [-16.0145, 59.9724, -19.4462, -0.3602],
    [-16.1495, 59.7924, -19.3103, -0.3602],
    [-16.1494, 59.7926, -19.3109, -0.3602],
    [-16.1494, 59.5890, -19.1079, -0.3602],
    [-16.1494, 59.5891, -19.1083, -0.3602],
    [-16.2816, 59.4093, -18.9730, -0.3602],
    [-16.2815, 59.4095, -18.9736, -0.3602],
    [-16.2815, 59.2063, -18.7721, -0.3602],
    [-16.2815, 59.2065, -18.7725, -0.3602],
    [-16.4161, 59.0277, -18.6405, -0.3602],
    [-16.4160, 59.0279, -18.6411, -0.3602],
    [-16.4160, 58.8252, -18.4410, -0.3602],
    [-16.4160, 58.8253, -18.4414, -0.3602],
    [-16.5478, 58.6468, -18.3100, -0.3602],
    [-16.5477, 58.6470, -18.3106, -0.3602],
    [-16.5477, 58.4448, -18.1121, -0.3602],
    [-16.5477, 58.4449, -18.1125, -0.3602],
    [-16.5477, 58.2468, -17.9186, -0.3602],
    [-16.5477, 58.2469, -17.9190, -0.3602],
    [-16.6820, 58.0657, -17.7876, -0.3602],
    [-16.6819, 58.0659, -17.7882, -0.3602],
    [-16.6819, 57.8643, -17.5919, -0.3602],
    [-16.6819, 57.8644, -17.5923, -0.3602],
    [-16.8133, 57.6873, -17.4654, -0.3602],
    [-16.8133, 57.6875, -17.4659, -0.3602],
    [-16.8133, 57.4863, -17.2711, -0.3602],
    [-16.8133, 57.4865, -17.2715, -0.3602],
    [-16.8133, 57.2895, -17.0813, -0.3602],
    [-16.8133, 57.2896, -17.0817, -0.3602],
    [-16.9471, 57.1097, -16.9547, -0.3602],
    [-16.9470, 57.1099, -16.9553, -0.3602],
    [-16.9470, 56.9134, -16.7665, -0.3602],
    [-16.9470, 56.9135, -16.7669, -0.3602],
    [-16.9470, 56.7131, -16.5750, -0.3602],
    [-16.9470, 56.7132, -16.5754, -0.3602],
    [-17.0781, 56.5377, -16.4535, -0.3602],
    [-17.0780, 56.5379, -16.4541, -0.3602],
    [-17.0780, 56.3380, -16.2636, -0.3602],
    [-17.0780, 56.3381, -16.2640, -0.3602],
    [-17.0780, 56.1423, -16.0780, -0.3602],
    [-17.0780, 56.1424, -16.0784, -0.3602],
    [-17.2115, 55.9642, -15.9565, -0.3602],
    [-17.2114, 55.9644, -15.9571, -0.3602],
    [-17.2114, 55.7690, -15.7725, -0.3602],
    [-17.2114, 55.7691, -15.7729, -0.3602],
    [-17.2114, 55.5700, -15.5853, -0.3602],
    [-17.2114, 55.5701, -15.5856, -0.3602],
    [-17.3421, 55.3961, -15.4686, -0.3602],
    [-17.3420, 55.3963, -15.4692, -0.3602],
    [-17.3420, 55.1976, -15.2830, -0.3602],
    [-17.3420, 55.1977, -15.2834, -0.3602],
    [-17.3420, 55.0030, -15.1015, -0.3602],
    [-17.3420, 55.0031, -15.1019, -0.3602],
    [-17.3420, 54.8048, -14.9171, -0.3602],
    [-17.3420, 54.8049, -14.9174, -0.3602],
    [-17.4752, 54.6322, -14.8048, -0.3602],
    [-17.4751, 54.6324, -14.8054, -0.3602],
    [-17.4751, 54.4344, -14.6220, -0.3602],
    [-17.4751, 54.4345, -14.6223, -0.3602],
    [-17.4751, 54.2406, -14.4432, -0.3602],
    [-17.4751, 54.2407, -14.4435, -0.3602],
    [-17.4751, 54.0431, -14.2615, -0.3602],
    [-17.4751, 54.0432, -14.2618, -0.3602],
    [-17.6054, 53.8710, -14.1509, -0.3602],
    [-17.6053, 53.8712, -14.1515, -0.3602],
    [-17.6053, 53.6739, -13.9708, -0.3602],
    [-17.6053, 53.6740, -13.9711, -0.3602],
    [-17.6053, 53.4808, -13.7946, -0.3602],
    [-17.6053, 53.4809, -13.7950, -0.3602],
    [-17.6053, 53.2840, -13.6156, -0.3602],
    [-17.6053, 53.2841, -13.6160, -0.3602],
    [-17.6053, 53.0912, -13.4408, -0.3602],
    [-17.6053, 53.0913, -13.4412, -0.3602],
    [-17.6053, 52.8947, -13.2632, -0.3602],
    [-17.6053, 52.8948, -13.2635, -0.3602],
    [-17.7380, 52.7243, -13.1582, -0.3602],
    [-17.7379, 52.7245, -13.1587, -0.3602],
    [-17.7379, 52.5283, -12.9820, -0.3602],
    [-17.7379, 52.5283, -12.9824, -0.3602],
    [-17.7379, 52.3361, -12.8098, -0.3602],
    [-17.7379, 52.3362, -12.8101, -0.3602],
    [-17.7379, 52.1403, -12.6348, -0.3602],
    [-17.7379, 52.1404, -12.6351, -0.3602],
    [-17.7379, 51.9484, -12.4639, -0.3602],
    [-17.7379, 51.9485, -12.4642, -0.3602],
    [-17.7379, 51.7529, -12.2902, -0.3602],
    [-17.7379, 51.7530, -12.2905, -0.3602],
    [-17.7379, 51.5614, -12.1206, -0.3602],
    [-17.7379, 51.5615, -12.1209, -0.3602],
    [-17.8679, 51.3881, -12.0155, -0.3602],
    [-17.8678, 51.3883, -12.0161, -0.3602],
    [-17.8678, 51.1970, -11.8473, -0.3602],
    [-17.8678, 51.1971, -11.8477, -0.3602],
    [-17.8678, 51.0021, -11.6762, -0.3602],
    [-17.8678, 51.0022, -11.6765, -0.3602],
    [-17.8678, 50.8112, -11.5091, -0.3602],
    [-17.8678, 50.8112, -11.5094, -0.3602],
    [-17.8678, 50.6166, -11.3392, -0.3602],
    [-17.8678, 50.6167, -11.3396, -0.3602],
    [-17.8678, 50.4260, -11.1734, -0.3602],
    [-17.8678, 50.4260, -11.1737, -0.3602],
    [-17.8678, 50.2316, -11.0048, -0.3602],
    [-17.8678, 50.2317, -11.0051, -0.3602],
    [-17.8678, 50.0413, -10.8402, -0.3602],
    [-17.8678, 50.0414, -10.8405, -0.3602],
    [-17.8678, 49.8473, -10.6729, -0.3602],
    [-17.8678, 49.8474, -10.6732, -0.3602],
    [-17.8678, 49.6572, -10.5095, -0.3602],
    [-17.8678, 49.6573, -10.5098, -0.3602],
    [-17.8678, 49.4635, -10.3435, -0.3602],
    [-17.8678, 49.4635, -10.3438, -0.3602],
    [-17.8678, 49.2737, -10.1813, -0.3602],
    [-17.8678, 49.2737, -10.1816, -0.3602],
    [-17.8678, 49.0802, -10.0165, -0.3602],
    [-17.8678, 49.0803, -10.0169, -0.3602],
    [-17.8678, 48.8907, -9.8556, -0.3602],
    [-17.8678, 48.8907, -9.8559, -0.3602],
    [-17.8678, 48.6975, -9.6921, -0.3602],
    [-17.8678, 48.6975, -9.6924, -0.3602],
    [-17.8678, 48.5082, -9.5323, -0.3602],
    [-17.8678, 48.5082, -9.5326, -0.3602],
    [-17.8678, 48.3152, -9.3700, -0.3602],
    [-17.8678, 48.3153, -9.3703, -0.3602],
    [-17.8678, 48.1262, -9.2115, -0.3602],
    [-17.8678, 48.1263, -9.2118, -0.3602],
    [-17.8678, 47.9335, -9.0504, -0.3602],
    [-17.8678, 47.9336, -9.0507, -0.3602],
    [-17.8678, 47.7447, -8.8931, -0.3602],
    [-17.8678, 47.7448, -8.8934, -0.3602],
    [-17.8678, 47.5523, -8.7332, -0.3602],
    [-17.8678, 47.5524, -8.7335, -0.3602],
    [-17.8678, 47.3638, -8.5770, -0.3602],
    [-17.8678, 47.3638, -8.5773, -0.3602],
    [-17.8678, 47.1716, -8.4184, -0.3602],
    [-17.8678, 47.1717, -8.4187, -0.3602],
    [-17.8678, 46.9833, -8.2634, -0.3602],
    [-17.8678, 46.9834, -8.2637, -0.3602],
    [-17.8678, 46.7914, -8.1059, -0.3602],
    [-17.8678, 46.7914, -8.1062, -0.3602],
    [-17.8678, 46.6033, -7.9521, -0.3602],
    [-17.8678, 46.6034, -7.9524, -0.3602],
    [-17.8678, 46.4116, -7.7958, -0.3602],
    [-17.8678, 46.4116, -7.7961, -0.3602],
    [-17.7380, 46.2012, -7.5763, -0.3602],
    [-17.7379, 46.2013, -7.5768, -0.3602],
    [-17.7379, 46.0098, -7.4215, -0.3602],
    [-17.7379, 46.0098, -7.4218, -0.3602],
    [-17.7379, 45.8221, -7.2700, -0.3602],
    [-17.7379, 45.8222, -7.2703, -0.3602],
    [-17.7379, 45.6309, -7.1161, -0.3602],
    [-17.7379, 45.6309, -7.1164, -0.3602],
    [-17.7379, 45.4434, -6.9658, -0.3602],
    [-17.7379, 45.4435, -6.9661, -0.3602],
    [-17.7379, 45.2524, -6.8131, -0.3602],
    [-17.7379, 45.2524, -6.8134, -0.3602],
    [-17.7379, 45.0652, -6.6639, -0.3602],
    [-17.7379, 45.0652, -6.6642, -0.3602],
    [-17.7379, 44.8744, -6.5123, -0.3602],
    [-17.7379, 44.8744, -6.5126, -0.3602],
    [-17.6054, 44.6643, -6.2967, -0.3602],
    [-17.6053, 44.6645, -6.2973, -0.3602],
    [-17.6053, 44.4738, -6.1466, -0.3602],
    [-17.6053, 44.4738, -6.1469, -0.3602],
    [-17.6053, 44.2869, -5.9997, -0.3602],
    [-17.6053, 44.2870, -6.0000, -0.3602],
    [-17.6053, 44.0965, -5.8505, -0.3602],
    [-17.6053, 44.0966, -5.8508, -0.3602],
    [-17.6053, 43.9099, -5.7047, -0.3602],
    [-17.6053, 43.9100, -5.7050, -0.3602],
    [-17.4751, 43.6971, -5.4910, -0.3602],
    [-17.4751, 43.6972, -5.4916, -0.3602],
    [-17.4751, 43.5108, -5.3467, -0.3602],
    [-17.4751, 43.5108, -5.3469, -0.3602],
    [-17.4751, 43.3207, -5.1997, -0.3602],
    [-17.4751, 43.3207, -5.2000, -0.3602],
    [-17.4751, 43.1345, -5.0562, -0.3602],
    [-17.4751, 43.1345, -5.0565, -0.3602],
    [-17.3421, 42.9217, -4.8440, -0.3602],
    [-17.3420, 42.9218, -4.8446, -0.3602],
    [-17.3420, 42.7357, -4.7019, -0.3602],
    [-17.3420, 42.7357, -4.7022, -0.3602],
    [-17.3420, 42.5460, -4.5572, -0.3602],
    [-17.3420, 42.5460, -4.5575, -0.3602],
    [-17.3420, 42.3601, -4.4160, -0.3602],
    [-17.3420, 42.3601, -4.4162, -0.3602],
    [-17.2115, 42.1481, -4.2079, -0.3602],
    [-17.2114, 42.1482, -4.2085, -0.3602],
    [-17.2114, 41.9625, -4.0680, -0.3602],
    [-17.2114, 41.9625, -4.0683, -0.3602],
    [-17.2114, 41.7731, -3.9256, -0.3602],
    [-17.2114, 41.7731, -3.9259, -0.3602],
    [-17.2114, 41.5876, -3.7865, -0.3602],
    [-17.2114, 41.5876, -3.7868, -0.3602],
    [-17.0781, 41.3755, -3.5800, -0.3602],
    [-17.0780, 41.3756, -3.5806, -0.3602],
    [-17.0780, 41.1902, -3.4423, -0.3602],
    [-17.0780, 41.1902, -3.4426, -0.3602],
    [-17.0780, 41.0012, -3.3021, -0.3602],
    [-17.0780, 41.0012, -3.3023, -0.3602],
    [-16.9471, 40.7936, -3.1018, -0.3602],
    [-16.9470, 40.7937, -3.1024, -0.3602],
    [-16.9470, 40.6048, -2.9630, -0.3602],
    [-16.9470, 40.6049, -2.9633, -0.3602],
    [-16.9470, 40.4197, -2.8271, -0.3602],
    [-16.9470, 40.4198, -2.8274, -0.3602],
    [-16.8133, 40.2083, -2.6251, -0.3602],
    [-16.8133, 40.2084, -2.6256, -0.3602],
    [-16.8133, 40.0234, -2.4906, -0.3602],
    [-16.8133, 40.0235, -2.4909, -0.3602],
    [-16.6820, 39.8128, -2.2915, -0.3602],
    [-16.6819, 39.8129, -2.2920, -0.3602],
    [-16.6819, 39.6280, -2.1580, -0.3602],
    [-16.6819, 39.6280, -2.1583, -0.3602],
    [-16.6819, 39.4395, -2.0222, -0.3602],
    [-16.6819, 39.4396, -2.0225, -0.3602],
    [-16.5478, 39.2324, -1.8267, -0.3602],
    [-16.5477, 39.2325, -1.8272, -0.3602],
    [-16.5477, 39.0441, -1.6922, -0.3602],
    [-16.5477, 39.0442, -1.6925, -0.3602],
    [-16.5477, 38.8559, -1.5580, -0.3602],
    [-16.5477, 38.8559, -1.5583, -0.3602],
    [-16.4161, 38.6495, -1.3658, -0.3602],
    [-16.4160, 38.6496, -1.3663, -0.3602],
    [-16.4160, 38.4614, -1.2330, -0.3602],
    [-16.4160, 38.4615, -1.2332, -0.3602],
    [-16.2816, 38.2548, -1.0411, -0.3602],
    [-16.2815, 38.2549, -1.0417, -0.3602],
    [-16.2815, 38.0668, -0.9094, -0.3602],
    [-16.2815, 38.0669, -0.9096, -0.3602],
    [-16.1495, 37.8609, -0.7204, -0.3602],
    [-16.1494, 37.8610, -0.7209, -0.3602],
    [-16.1494, 37.6730, -0.5896, -0.3602],
    [-16.1494, 37.6731, -0.5899, -0.3602],
    [-16.0146, 37.4669, -0.4010, -0.3602],
    [-16.0145, 37.4669, -0.4015, -0.3602],
    [-16.0145, 37.2792, -0.2714, -0.3602],
    [-16.0145, 37.2792, -0.2716, -0.3602],
    [-15.8822, 37.0736, -0.0855, -0.3602],
    [-15.8821, 37.0737, -0.0860, -0.3602],
    [-15.8821, 36.8860, 0.0431, -0.3602],
    [-15.8821, 36.8861, 0.0428, -0.3602],
    [-15.7470, 36.6803, 0.2286, -0.3602],
    [-15.7469, 36.6804, 0.2281, -0.3602],
    [-15.6142, 36.4715, 0.4142, -0.3602],
    [-15.6141, 36.4716, 0.4136, -0.3602],
    [-15.6141, 36.2877, 0.5386, -0.3602],
    [-15.6141, 36.2878, 0.5384, -0.3602],
    [-15.4786, 36.0787, 0.7240, -0.3602],
    [-15.4785, 36.0788, 0.7235, -0.3602],
    [-15.4785, 35.8950, 0.8475, -0.3602],
    [-15.4785, 35.8951, 0.8472, -0.3602],
    [-15.3454, 35.6866, 1.0302, -0.3602],
    [-15.3454, 35.6867, 1.0296, -0.3602],
    [-15.2095, 35.4817, 1.2102, -0.3602],
    [-15.2094, 35.4818, 1.2097, -0.3602],
    [-15.2094, 35.2945, 1.3346, -0.3602],
    [-15.2094, 35.2945, 1.3343, -0.3602],
    [-15.0760, 35.0902, 1.5122, -0.3602],
    [-15.0759, 35.0903, 1.5117, -0.3602],
    [-14.9397, 34.8820, 1.6921, -0.3602],
    [-14.9396, 34.8821, 1.6916, -0.3602],
    [-14.9396, 34.6986, 1.8125, -0.3602],
    [-14.9396, 34.6986, 1.8122, -0.3602],
    [-14.8059, 34.4909, 1.9899, -0.3602],
    [-14.8058, 34.4910, 1.9894, -0.3602],
    [-14.6693, 34.2868, 2.1648, -0.3602],
    [-14.6692, 34.2869, 2.1643, -0.3602],
    [-14.6692, 34.0998, 2.2861, -0.3602],
    [-14.6692, 34.0999, 2.2858, -0.3602],
    [-14.5351, 33.8962, 2.4586, -0.3602],
    [-14.5350, 33.8963, 2.4581, -0.3602],
    [-14.3981, 33.6888, 2.6333, -0.3602],
    [-14.3981, 33.6889, 2.6328, -0.3602],
    [-14.2637, 33.4856, 2.8035, -0.3602],
    [-14.2636, 33.4857, 2.8030, -0.3602],
    [-14.2636, 33.2988, 2.9227, -0.3602],
    [-14.2636, 33.2988, 2.9224, -0.3602],
    [-14.1264, 33.0954, 3.0927, -0.3602],
    [-14.1263, 33.0955, 3.0922, -0.3602],
    [-13.9916, 32.8889, 3.2627, -0.3602],
    [-13.9915, 32.8890, 3.2622, -0.3602],
    [-13.8539, 32.6859, 3.4305, -0.3602],
    [-13.8538, 32.6860, 3.4300, -0.3602],
    [-13.7188, 32.4798, 3.5984, -0.3602],
    [-13.7187, 32.4799, 3.5979, -0.3602],
    [-13.7187, 32.2968, 3.7128, -0.3602],
    [-13.7187, 32.2968, 3.7125, -0.3602],
    [-13.5809, 32.0904, 3.8805, -0.3602],
    [-13.5808, 32.0905, 3.8800, -0.3602],
    [-13.4454, 31.8883, 4.0436, -0.3602],
    [-13.4454, 31.8884, 4.0431, -0.3602],
    [-13.3071, 31.6824, 4.2091, -0.3602],
    [-13.3071, 31.6825, 4.2085, -0.3602],
    [-13.1714, 31.4807, 4.3702, -0.3602],
    [-13.1713, 31.4807, 4.3697, -0.3602],
    [-13.0328, 31.2751, 4.5335, -0.3602],
    [-13.0327, 31.2752, 4.5330, -0.3602],
    [-12.8968, 31.0737, 4.6926, -0.3602],
    [-12.8967, 31.0738, 4.6922, -0.3602],
    [-12.7579, 30.8685, 4.8540, -0.3602],
    [-12.7578, 30.8686, 4.8534, -0.3602],
    [-12.6216, 30.6675, 5.0111, -0.3602],
    [-12.6215, 30.6675, 5.0106, -0.3602],
    [-12.4824, 30.4626, 5.1703, -0.3602],
    [-12.4823, 30.4627, 5.1698, -0.3602],
    [-12.3457, 30.2619, 5.3254, -0.3602],
    [-12.3457, 30.2620, 5.3249, -0.3602],
    [-12.2062, 30.0574, 5.4826, -0.3602],
    [-12.2062, 30.0575, 5.4821, -0.3602],
    [-12.0693, 29.8571, 5.6357, -0.3602],
    [-12.0693, 29.8572, 5.6352, -0.3602],
    [-11.9295, 29.8395, 5.6803, -0.3602],
    [-11.9295, 29.8396, 5.6800, -0.3602],
    [-11.7923, 29.6359, 5.8343, -0.3602],
    [-11.7923, 29.6359, 5.8338, -0.3602],
    [-11.6523, 29.4357, 5.9857, -0.3602],
    [-11.6522, 29.4358, 5.9852, -0.3602],
    [-11.5148, 29.2325, 6.1374, -0.3602],
    [-11.5147, 29.2326, 6.1369, -0.3602],
    [-11.3745, 29.0327, 6.2868, -0.3602],
    [-11.3744, 29.0328, 6.2863, -0.3602],
    [-11.2367, 29.0163, 6.3280, -0.3602],
    [-11.2367, 29.0164, 6.3277, -0.3602],
    [-11.0961, 28.8133, 6.4783, -0.3602],
    [-11.0960, 28.8133, 6.4777, -0.3602],
    [-10.9581, 28.6144, 6.6243, -0.3602],
    [-10.9580, 28.6145, 6.6238, -0.3602],
    [-10.8172, 28.4117, 6.7723, -0.3602],
    [-10.8171, 28.4118, 6.7718, -0.3602],
    [-10.6789, 28.3960, 6.8114, -0.3602],
    [-10.6789, 28.3961, 6.8111, -0.3602],
    [-10.5378, 28.1973, 6.9559, -0.3602],
    [-10.5377, 28.1974, 6.9554, -0.3602],
    [-10.3993, 27.9955, 7.1005, -0.3602],
    [-10.3992, 27.9956, 7.1000, -0.3602],
    [-10.2579, 27.9800, 7.1389, -0.3602],
    [-10.2578, 27.9801, 7.1386, -0.3602],
    [-10.1191, 27.7823, 7.2801, -0.3602],
    [-10.1191, 27.7823, 7.2796, -0.3602],
    [-9.9775, 27.5807, 7.4229, -0.3602],
    [-9.9774, 27.5808, 7.4224, -0.3602],
    [-9.8385, 27.5661, 7.4589, -0.3602],
    [-9.8384, 27.5662, 7.4587, -0.3602],
    [-9.6966, 27.3686, 7.5984, -0.3602],
    [-9.6965, 27.3687, 7.5979, -0.3602],
    [-9.5573, 27.1679, 7.7380, -0.3602],
    [-9.5573, 27.1680, 7.7375, -0.3602],
    [-9.4152, 27.1535, 7.7731, -0.3602],
    [-9.4151, 27.1536, 7.7728, -0.3602],
    [-9.2757, 26.9569, 7.9093, -0.3602],
    [-9.2757, 26.9570, 7.9088, -0.3602],
    [-9.1334, 26.9429, 7.9434, -0.3602],
    [-9.1333, 26.9430, 7.9432, -0.3602],
    [-8.9937, 26.7430, 8.0802, -0.3602],
    [-8.9936, 26.7431, 8.0797, -0.3602],
    [-8.8511, 26.5466, 8.2143, -0.3602],
    [-8.8510, 26.5467, 8.2138, -0.3602],
    [-8.7112, 26.5335, 8.2462, -0.3602],
    [-8.7111, 26.5336, 8.2459, -0.3602],
    [-8.5684, 26.3339, 8.3810, -0.3602],
    [-8.5683, 26.3340, 8.3805, -0.3602],
    [-8.4283, 26.3211, 8.4118, -0.3602],
    [-8.4282, 26.3212, 8.4116, -0.3602],
    [-8.2852, 26.1256, 8.5431, -0.3602],
    [-8.2852, 26.1257, 8.5426, -0.3602],
    [-8.1449, 26.1132, 8.5729, -0.3602],
    [-8.1449, 26.1134, 8.5726, -0.3602],
    [-8.0017, 25.9144, 8.7046, -0.3602],
    [-8.0017, 25.9146, 8.7041, -0.3602],
    [-7.8612, 25.9025, 8.7334, -0.3602],
    [-7.8611, 25.9026, 8.7331, -0.3602],
    [-7.7178, 25.7077, 8.8616, -0.3602],
    [-7.7177, 25.7079, 8.8611, -0.3602],
    [-7.5742, 25.6960, 8.8899, -0.3602],
    [-7.5742, 25.6961, 8.8896, -0.3602],
    [-7.4334, 25.6846, 8.9173, -0.3602],
    [-7.4334, 25.6847, 8.9170, -0.3602],
    [-7.2897, 25.4868, 9.0454, -0.3602],
    [-7.2897, 25.4869, 9.0449, -0.3602],
    [-7.1488, 25.4759, 9.0715, -0.3602],
    [-7.1487, 25.4760, 9.0713, -0.3602],
    [-7.0049, 25.4650, 9.0979, -0.3602],
    [-7.0048, 25.4651, 9.0977, -0.3602],
    [-6.8637, 25.2716, 9.2214, -0.3602],
    [-6.8637, 25.2717, 9.2209, -0.3602],
    [-6.7197, 25.2611, 9.2465, -0.3602],
    [-6.7196, 25.2612, 9.2463, -0.3602],
    [-6.5783, 25.0645, 9.3705, -0.3602],
    [-6.5783, 25.0647, 9.3700, -0.3602],
    [-6.4341, 25.0544, 9.3945, -0.3602],
    [-6.4341, 25.0545, 9.3942, -0.3602],
    [-6.2926, 25.0448, 9.4178, -0.3602],
    [-6.2926, 25.0449, 9.4175, -0.3602],
    [-6.1482, 24.8523, 9.5382, -0.3602],
    [-6.1482, 24.8524, 9.5377, -0.3602],
    [-6.0066, 24.8430, 9.5602, -0.3602],
    [-6.0066, 24.8431, 9.5599, -0.3602],
    [-5.8621, 24.8337, 9.5823, -0.3602],
    [-5.8620, 24.8339, 9.5820, -0.3602],
    [-5.7203, 24.6384, 9.7021, -0.3602],
    [-5.7202, 24.6385, 9.7016, -0.3602],
    [-5.5756, 24.6296, 9.7229, -0.3602],
    [-5.5756, 24.6297, 9.7227, -0.3602],
    [-5.4337, 24.6212, 9.7431, -0.3602],
    [-5.4336, 24.6213, 9.7428, -0.3602],
    [-5.2888, 24.4299, 9.8593, -0.3602],
    [-5.2888, 24.4301, 9.8588, -0.3602],
    [-5.1468, 24.4219, 9.8781, -0.3602],
    [-5.1468, 24.4220, 9.8779, -0.3602],
    [-5.0018, 24.4140, 9.8971, -0.3602],
    [-5.0018, 24.4141, 9.8968, -0.3602],
    [-4.8596, 24.4064, 9.9151, -0.3602],
    [-4.8596, 24.4066, 9.9148, -0.3602],
    [-4.7146, 24.2124, 10.0306, -0.3602],
    [-4.7145, 24.2125, 10.0301, -0.3602],
    [-4.5723, 24.2053, 10.0473, -0.3602],
    [-4.5722, 24.2054, 10.0471, -0.3602],
    [-4.4270, 24.1982, 10.0641, -0.3602],
    [-4.4270, 24.1983, 10.0639, -0.3602],
    [-4.2846, 24.0086, 10.1753, -0.3602],
    [-4.2846, 24.0088, 10.1748, -0.3602],
    [-4.1393, 24.0020, 10.1908, -0.3602],
    [-4.1393, 24.0021, 10.1905, -0.3602],
    [-3.9968, 23.9957, 10.2057, -0.3602],
    [-3.9968, 23.9959, 10.2054, -0.3602],
    [-3.8514, 23.9896, 10.2203, -0.3602],
    [-3.8514, 23.9897, 10.2200, -0.3602],
    [-3.7088, 23.9837, 10.2341, -0.3602],
    [-3.7087, 23.9839, 10.2339, -0.3602],
    [-3.5632, 23.7914, 10.3444, -0.3602],
    [-3.5632, 23.7916, 10.3439, -0.3602],
    [-3.4205, 23.7861, 10.3569, -0.3602],
    [-3.4205, 23.7862, 10.3566, -0.3602],
    [-3.2749, 23.7808, 10.3694, -0.3602],
    [-3.2749, 23.7809, 10.3691, -0.3602],
    [-3.1321, 23.7758, 10.3811, -0.3602],
    [-3.1321, 23.7760, 10.3808, -0.3602],
    [-2.9864, 23.7710, 10.3925, -0.3602],
    [-2.9864, 23.7711, 10.3922, -0.3602],
    [-2.8436, 23.7665, 10.4032, -0.3602],
    [-2.8436, 23.7666, 10.4029, -0.3602],
    [-2.6978, 23.5792, 10.5078, -0.3602],
    [-2.6978, 23.5793, 10.5073, -0.3602],
    [-2.5549, 23.5752, 10.5172, -0.3602],
    [-2.5549, 23.5753, 10.5169, -0.3602],
    [-2.4090, 23.5712, 10.5264, -0.3602],
    [-2.4090, 23.5713, 10.5262, -0.3602],
    [-2.2660, 23.5676, 10.5350, -0.3602],
    [-2.2660, 23.5677, 10.5347, -0.3602],
    [-2.1201, 23.5641, 10.5432, -0.3602],
    [-2.1201, 23.5643, 10.5429, -0.3602],
    [-1.9771, 23.5610, 10.5506, -0.3602],
    [-1.9771, 23.5611, 10.5504, -0.3602],
    [-1.8311, 23.5580, 10.5577, -0.3602],
    [-1.8311, 23.5581, 10.5575, -0.3602],
    [-1.6880, 23.3686, 10.6599, -0.3602],
    [-1.6880, 23.3688, 10.6594, -0.3602],
    [-1.5421, 23.3661, 10.6657, -0.3602],
    [-1.5420, 23.3662, 10.6654, -0.3602],
    [-1.3989, 23.3638, 10.6711, -0.3602],
    [-1.3989, 23.3639, 10.6708, -0.3602],
    [-1.2529, 23.3617, 10.6760, -0.3602],
    [-1.2529, 23.3618, 10.6757, -0.3602],
    [-1.1097, 23.3599, 10.6803, -0.3602],
    [-1.1097, 23.3600, 10.6801, -0.3602],
    [-0.9636, 23.3582, 10.6842, -0.3602],
    [-0.9636, 23.3583, 10.6839, -0.3602],
    [-0.8204, 23.3568, 10.6874, -0.3602],
    [-0.8204, 23.3569, 10.6872, -0.3602],
    [-0.6744, 23.3556, 10.6902, -0.3602],
    [-0.6744, 23.3558, 10.6900, -0.3602],
    [-0.5311, 23.3547, 10.6924, -0.3602],
    [-0.5311, 23.3548, 10.6922, -0.3602],
    [-0.3850, 23.3540, 10.6941, -0.3602],
    [-0.3850, 23.3541, 10.6939, -0.3602],
    [-0.2418, 23.3535, 10.6953, -0.3602],
    [-0.2418, 23.3536, 10.6950, -0.3602],
    [-0.0957, 23.3532, 10.6959, -0.3602],
    [-0.0957, 23.3533, 10.6957, -0.3602],
    [0.0475, 23.3532, 10.6960, -0.3602],
    [0.0475, 23.3533, 10.6957, -0.3602],
    [0.1936, 23.3534, 10.6956, -0.3602],
    [0.1936, 23.3535, 10.6953, -0.3602],
    [0.3369, 23.3538, 10.6946, -0.3602],
    [0.3369, 23.3539, 10.6943, -0.3602],
    [0.4830, 23.3544, 10.6931, -0.3602],
    [0.4830, 23.3546, 10.6928, -0.3602],
    [0.6262, 23.3553, 10.6910, -0.3602],
    [0.6262, 23.3554, 10.6908, -0.3602],
    [0.7723, 23.3564, 10.6884, -0.3602],
    [0.7723, 23.3565, 10.6882, -0.3602],
    [0.9155, 23.3577, 10.6853, -0.3602],
    [0.9155, 23.3578, 10.6851, -0.3602],
    [1.0616, 23.3593, 10.6817, -0.3602],
    [1.0616, 23.3594, 10.6814, -0.3602],
    [1.2047, 23.3611, 10.6775, -0.3602],
    [1.2047, 23.3612, 10.6772, -0.3602],
    [1.3508, 23.3631, 10.6728, -0.3602],
    [1.3508, 23.3632, 10.6725, -0.3602],
    [1.4939, 23.3653, 10.6675, -0.3602],
    [1.4939, 23.3654, 10.6673, -0.3602],
