[q1_deg,q2_deg,q3_deg,q4_deg],
[-18.5641,1.0103,14.0908,93.1163],
[-18.4359,1.1125,14.1448,93.1163],
[-18.3043,1.0661,14.2165,93.1163],
[-18.1751,1.0207,14.2864,93.1163],
[-18.0431,0.9747,14.3573,93.1163],
[-17.9135,0.9300,14.4262,93.1163],
[-17.7811,0.8846,14.4960,93.1163],
[-17.6512,0.8405,14.5639,93.1163],
[-17.5184,0.7958,14.6326,93.1163],
[-17.3880,0.8995,14.6832,93.1163],
[-17.2549,0.8558,14.7506,93.1163],
[-17.1242,0.8131,14.8165,93.1163],
[-16.9906,0.7698,14.8831,93.1163],
[-16.8595,0.7277,14.9479,93.1163],
[-16.7256,0.8361,14.9963,93.1163],
[-16.5941,0.7951,15.0598,93.1163],
[-16.4599,0.7532,15.1243,93.1163],
[-16.3280,0.7125,15.1870,93.1163],
[-16.1934,0.6714,15.2504,93.1163],
[-16.0612,0.7802,15.2947,93.1163],
[-15.9262,0.7400,15.3568,93.1163],
[-15.7936,0.7008,15.4174,93.1163],
[-15.6583,0.6610,15.4788,93.1163],
[-15.5254,0.7749,15.5200,93.1163],
[-15.3897,0.7362,15.5800,93.1163],
[-15.2564,0.6984,15.6385,93.1163],
[-15.1203,0.8102,15.6792,93.1163],
[-14.9868,0.7734,15.7364,93.1163],
[-14.8503,0.7358,15.7945,93.1163],
[-14.7164,0.8532,15.8315,93.1163],
[-14.5797,0.8166,15.8883,93.1163],
[-14.4454,0.7809,15.9436,93.1163],
[-14.3083,0.8962,15.9800,93.1163],
[-14.1738,0.8615,16.0340,93.1163],
[-14.0363,0.8262,16.0889,93.1163],
[-13.8987,0.9462,16.1227,93.1163],
[-13.7637,0.9125,16.1751,93.1163],
[-13.6258,1.0308,16.2077,93.1163],
[-13.4904,0.9979,16.2591,93.1163],
[-13.3522,0.9644,16.3113,93.1163],
[-13.2165,1.0880,16.3402,93.1163],
[-13.0779,1.0556,16.3910,93.1163],
[-12.9420,1.0238,16.4405,93.1163],
[-12.8031,1.1454,16.4687,93.1163],
[-12.6668,1.1147,16.5169,93.1163],
[-12.5277,1.2405,16.5430,93.1163],
[-12.3911,1.2106,16.5902,93.1163],
[-12.2516,1.3346,16.6151,93.1163],
[-12.1148,1.3053,16.6612,93.1163],
[-11.9750,1.4337,16.6840,93.1163],
[-11.8379,1.5606,16.7049,93.1163],
[-11.6979,1.5319,16.7503,93.1163],
[-11.5604,1.6628,16.7694,93.1163],
[-11.4201,1.6349,16.8137,93.1163],
[-11.2825,1.7640,16.8317,93.1163],
[-11.1419,1.7368,16.8749,93.1163],
[-11.0039,1.8701,16.8908,93.1163],
[-10.8631,2.0008,16.9067,93.1163],
[-10.7248,1.9753,16.9474,93.1163],
[-10.5837,2.1101,16.9614,93.1163],
[-10.4453,2.2433,16.9737,93.1163],
[-10.3039,2.2184,17.0136,93.1163],
[-10.1652,2.3556,17.0240,93.1163],
[-10.0236,2.4902,17.0343,93.1163],
[-9.8846,2.4670,17.0718,93.1163],
[-9.7427,2.6057,17.0803,93.1163],
[-9.6035,2.7426,17.0871,93.1163],
[-9.4615,2.8831,17.0931,93.1163],
[-9.3220,2.8613,17.1284,93.1163],
[-9.1797,2.9995,17.1336,93.1163],
[-9.0400,3.1423,17.1360,93.1163],
[-8.8975,3.2821,17.1387,93.1163],
[-8.7576,3.4263,17.1389,93.1163],
[-8.6149,3.4061,17.1722,93.1163],
[-8.4748,3.5480,17.1718,93.1163],
[-8.3318,3.6936,17.1699,93.1163],
[-8.1915,3.8371,17.1670,93.1163],
[-8.0483,3.9842,17.1630,93.1163],
[-7.9078,4.1291,17.1579,93.1163],
[-7.7644,4.2776,17.1516,93.1163],
[-7.6238,4.4239,17.1444,93.1163],
[-7.4802,4.5738,17.1359,93.1163],
[-7.3393,4.7215,17.1264,93.1163],
[-7.1956,4.8728,17.1157,93.1163],
[-7.0545,5.0218,17.1041,93.1163],
[-6.9106,5.1745,17.0912,93.1163],
[-6.9105,5.3402,17.0513,93.1163],
[-6.7694,5.4940,17.0365,93.1163],
[-6.6253,5.6450,17.0216,93.1163],
[-6.4839,5.8002,17.0043,93.1163],
[-6.3396,5.9525,16.9872,93.1163],
[-6.3396,6.1230,16.9438,93.1163],
[-6.1981,6.2763,16.9249,93.1163],
[-6.0536,6.4335,16.9043,93.1163],
[-5.9119,6.5883,16.8829,93.1163],
[-5.7674,6.7468,16.8600,93.1163],
[-5.7673,6.9152,16.8148,93.1163],
[-5.6255,7.0747,16.7901,93.1163],
[-5.4808,7.2313,16.7653,93.1163],
[-5.4808,7.4039,16.7176,93.1163],
[-5.3388,7.5615,16.6911,93.1163],
[-5.1939,7.7230,16.6627,93.1163],
[-5.1939,7.8929,16.6142,93.1163],
[-5.0518,8.0553,16.5841,93.1163],
[-5.0518,8.2257,16.5346,93.1163],
[-4.9068,8.3888,16.5032,93.1163],
[-4.7646,8.5494,16.4710,93.1163],
[-4.7646,8.7239,16.4189,93.1163],
[-4.6195,8.8849,16.3857,93.1163],
[-4.6195,9.0599,16.3325,93.1163],
[-4.4772,9.2219,16.2974,93.1163],
[-4.4771,9.3973,16.2432,93.1163],
[-4.3319,9.5600,16.2068,93.1163],
[-4.3319,9.7358,16.1514,93.1163],
[-4.1895,9.8994,16.1131,93.1163],
[-4.1894,10.0757,16.0567,93.1163],
[-4.0441,10.2399,16.0171,93.1163],
[-4.0441,10.4166,15.9596,93.1163],
[-3.9016,10.5817,15.9180,93.1163],
[-3.9015,10.7588,15.8595,93.1163],
[-3.7561,10.9279,15.8155,93.1163],
[-3.7561,11.1019,15.7570,93.1163],
[-3.7561,11.2794,15.6970,93.1163],
[-3.6135,11.4462,15.6518,93.1163],
[-3.6134,11.6243,15.5905,93.1163],
[-3.6134,11.7989,15.5302,93.1163],
[-3.4679,11.9699,15.4819,93.1163],
[-3.4679,12.1450,15.4202,93.1163],
[-3.4679,12.3236,15.3571,93.1163],
[-3.3252,12.4922,15.3076,93.1163],
[-3.3251,12.6714,15.2432,93.1163],
[-3.3251,12.8470,15.1797,93.1163],
[-3.1795,13.0198,15.1271,93.1163],
[-3.1795,13.1960,15.0623,93.1163],
[-3.1795,13.3756,14.9960,93.1163],
[-3.0367,13.5459,14.9423,93.1163],
[-3.0367,13.7261,14.8747,93.1163],
[-3.0367,13.9027,14.8081,93.1163],
[-3.0367,14.0830,14.7397,93.1163],
[-2.8910,14.2542,14.6836,93.1163],
[-2.8910,14.4350,14.6138,93.1163],
[-2.8910,14.6123,14.5452,93.1163],
[-2.8910,14.7932,14.4747,93.1163],
[-2.7481,14.9654,14.4157,93.1163],
[-2.7481,15.1468,14.3439,93.1163],
[-2.7481,15.3247,14.2732,93.1163],
[-2.7481,15.5062,14.2005,93.1163],
[-2.7481,15.6844,14.1288,93.1163],
[-2.6023,15.8611,14.0655,93.1163],
[-2.6023,16.0397,13.9925,93.1163],
[-2.6023,16.2218,13.9178,93.1163],
[-2.6023,16.4005,13.8440,93.1163],
[-2.6023,16.5829,13.7682,93.1163],
[-2.6023,16.7618,13.6934,93.1163],
[-2.6023,16.9445,13.6166,93.1163],
[-2.4594,17.1191,13.5504,93.1163],
[-2.4593,17.3022,13.4723,93.1163],
[-2.4593,17.4816,13.3954,93.1163],
[-2.4593,17.6648,13.3165,93.1163],
[-2.4593,17.8445,13.2387,93.1163],
[-2.4593,18.0280,13.1587,93.1163],
[-2.4593,18.2079,13.0799,93.1163],
[-2.4593,18.3916,12.9989,93.1163],
[-2.4593,18.5717,12.9190,93.1163],
[-2.4593,18.7556,12.8370,93.1163],
[-2.4593,18.9361,12.7561,93.1163],
[-2.4593,19.1202,12.6731,93.1163],
[-2.4593,19.3008,12.5911,93.1163],
[-2.4593,19.4852,12.5071,93.1163],
[-2.4593,19.6660,12.4241,93.1163],
[-2.4593,19.8506,12.3390,93.1163],
[-2.4593,20.0316,12.2551,93.1163],
[-2.4593,20.2164,12.1690,93.1163],
[-2.4593,20.3977,12.0840,93.1163],
[-2.4593,20.5827,11.9968,93.1163],
[-2.4593,20.7642,11.9109,93.1163],
[-2.4593,20.9493,11.8227,93.1163],
[-2.4593,21.1310,11.7357,93.1163],
[-2.4593,21.3164,11.6465,93.1163],
[-2.4593,21.4983,11.5585,93.1163],
[-2.4593,21.6839,11.4683,93.1163],
[-2.4593,21.8659,11.3793,93.1163],
[-2.4593,22.0517,11.2881,93.1163],
[-2.4593,22.2339,11.1981,93.1163],
[-2.4593,22.4199,11.1058,93.1163],
[-2.4593,22.6023,11.0148,93.1163],
[-2.6023,22.7923,10.9125,93.1163],
[-2.6023,22.9750,10.8203,93.1163],
[-2.6023,23.1613,10.7260,93.1163],
[-2.6023,23.3441,10.6330,93.1163],
[-2.6023,23.5305,10.5376,93.1163],
[-2.6023,23.7135,10.4437,93.1163],
[-2.7481,23.9042,10.3376,93.1163],
[-2.7481,24.0874,10.2423,93.1163],
[-2.7481,24.2742,10.1450,93.1163],
[-2.7481,24.4574,10.0490,93.1163],
[-2.7481,24.6444,9.9506,93.1163],
[-2.8910,24.8319,9.8436,93.1163],
[-2.8910,25.0191,9.7439,93.1163],
[-2.8910,25.2026,9.6460,93.1163],
[-2.8910,25.3899,9.5456,93.1163],
[-2.8910,25.5736,9.4466,93.1163],
[-3.0367,25.7654,9.3344,93.1163],
[-3.0367,25.9493,9.2342,93.1163],
[-3.0367,26.1369,9.1317,93.1163],
[-3.1795,26.3253,9.0197,93.1163],
[-3.1795,26.5131,8.9160,93.1163],
[-3.1795,26.6971,8.8141,93.1163],
[-3.1795,26.8849,8.7096,93.1163],
[-3.3252,27.0739,8.5948,93.1163],
[-3.3251,27.2619,8.4891,93.1163],
[-3.3251,27.4463,8.3852,93.1163],
[-3.4679,27.6391,8.2666,93.1163],
[-3.4679,27.8237,8.1614,93.1163],
[-3.4679,28.0119,8.0539,93.1163],
[-3.6135,28.2015,7.9351,93.1163],
[-3.6134,28.3899,7.8263,93.1163],
[-3.7561,28.5797,7.7063,93.1163],
[-3.7561,28.7682,7.5965,93.1163],
[-3.7561,28.9567,7.4865,93.1163],
[-3.9016,29.1470,7.3642,93.1163],
[-3.9015,29.3357,7.2529,93.1163],
[-4.0441,29.5261,7.1293,93.1163],
[-4.0441,29.7149,7.0170,93.1163],
[-4.0441,29.9000,6.9066,93.1163],
[-4.1895,30.0945,6.7786,93.1163],
[-4.1894,30.2798,6.6670,93.1163],
[-4.3319,30.4744,6.5377,93.1163],
[-4.3319,30.6598,6.4251,93.1163],
[-4.4772,30.8549,6.2940,93.1163],
[-4.4771,31.0403,6.1804,93.1163],
[-4.6195,31.2355,6.0481,93.1163],
[-4.6195,31.4211,5.9335,93.1163],
[-4.7646,31.6167,5.7993,93.1163],
[-4.9068,31.8087,5.6664,93.1163],
[-4.9068,31.9981,5.5480,93.1163],
[-5.0518,32.1905,5.4136,93.1163],
[-5.0518,32.3800,5.2942,93.1163],
[-5.1939,32.5724,5.1586,93.1163],
[-5.3388,32.7690,5.0190,93.1163],
[-5.3388,32.9549,4.9004,93.1163],
[-5.4808,33.1516,4.7599,93.1163],
[-5.6255,33.3449,4.6202,93.1163],
[-5.6255,33.5346,4.4977,93.1163],
[-5.7674,33.7280,4.3570,93.1163],
[-5.9119,33.9255,4.2123,93.1163],
[-6.0536,34.1193,4.0694,93.1163],
[-6.0536,34.3092,3.9449,93.1163],
[-6.1981,34.5033,3.8003,93.1163],
[-6.3396,34.7013,3.6523,93.1163],
[-6.4839,34.8959,3.5054,93.1163],
[-6.4838,35.0860,3.3789,93.1163],
[-6.6253,35.2806,3.2311,93.1163],
[-6.7694,35.4794,3.0791,93.1163],
[-6.9106,35.6745,2.9291,93.1163],
[-7.0545,35.8736,2.7750,93.1163],
[-7.1956,36.0691,2.6229,93.1163],
[-7.3393,36.2686,2.4668,93.1163],
[-7.4802,36.4645,2.3126,93.1163],
[-7.6238,36.6644,2.1544,93.1163],
[-7.6237,36.8511,2.0258,93.1163],
[-7.7644,37.0510,1.8668,93.1163],
[-7.9078,37.0610,1.8377,93.1163],
[-8.0483,37.2576,1.6797,93.1163],
[-8.1915,37.4584,1.5173,93.1163],
[-8.3318,37.6553,1.3570,93.1163],
[-8.4748,37.8565,1.1925,93.1163],
[-8.6149,38.0538,1.0301,93.1163],
[-8.7576,38.2553,0.8635,93.1163],
[-8.8975,38.4531,0.6991,93.1163],
[-9.0400,38.6550,0.5304,93.1163],
[-9.1797,38.6663,0.4971,93.1163],
[-9.3220,38.8648,0.3297,93.1163],
[-9.4614,39.0670,0.1591,93.1163],
[-9.6035,39.2659,-0.0107,93.1163],
[-9.7427,39.4685,-0.1835,93.1163],
[-9.8846,39.4808,-0.2201,93.1163],
[-10.0236,39.6800,-0.3915,93.1163],
[-10.1652,39.8834,-0.5676,93.1163],
[-10.3039,39.8960,-0.6050,93.1163],
[-10.4453,40.0960,-0.7798,93.1163],
[-10.5837,40.2996,-0.9578,93.1163],
[-10.7248,40.3130,-0.9976,93.1163],
[-10.8631,40.5133,-1.1742,93.1163],
[-11.0039,40.7177,-1.3557,93.1163],
[-11.1419,40.7313,-1.3962,93.1163],
[-11.2825,40.9324,-1.5763,93.1163],
[-11.4201,40.9463,-1.6179,93.1163],
[-11.5604,41.1515,-1.8023,93.1163],
[-11.6979,41.3529,-1.9845,93.1163],
[-11.8379,41.3676,-2.0285,93.1163],
[-11.9750,41.5731,-2.2147,93.1163],
[-12.1148,41.5881,-2.2598,93.1163],
[-12.2516,41.7902,-2.4449,93.1163],
[-12.3911,41.8056,-2.4910,93.1163],
[-12.5277,42.0118,-2.6805,93.1163],
[-12.6668,42.0276,-2.7277,93.1163],
[-12.8031,42.2304,-2.9160,93.1163],
[-12.9420,42.2465,-2.9643,93.1163],
[-13.0779,42.4534,-3.1569,93.1163],
[-13.2165,42.4699,-3.2063,93.1163],
[-13.3522,42.4862,-3.2550,93.1163],
[-13.4904,42.6902,-3.4479,93.1163],
[-13.6258,42.7069,-3.4979,93.1163],
[-13.7637,42.7241,-3.5492,93.1163],
[-13.8987,42.9320,-3.7462,93.1163],
[-14.0363,42.9496,-3.7988,93.1163],
[-14.1738,43.1546,-3.9955,93.1163],
[-14.3083,43.1721,-4.0482,93.1163],
[-14.4454,43.1902,-4.1021,93.1163],
[-14.5797,43.3992,-4.3029,93.1163],
[-14.7164,43.4176,-4.3582,93.1163],
[-14.8503,43.4359,-4.4127,93.1163],
[-14.9868,43.6420,-4.6138,93.1163],
[-15.1203,43.6607,-4.6696,93.1163],
[-15.2564,43.6799,-4.7268,93.1163],
[-15.3897,43.8899,-4.9319,93.1163],
[-15.5254,43.9096,-4.9905,93.1163],
[-15.6583,43.9290,-5.0481,93.1163],
[-15.7936,43.9490,-5.1075,93.1163],
[-15.9262,44.1560,-5.3124,93.1163],
[-16.0612,44.1764,-5.3731,93.1163],
[-16.1934,44.1966,-5.4329,93.1163],
[-16.3280,44.2174,-5.4944,93.1163],
[-16.4599,44.4289,-5.7050,93.1163],
[-16.5942,44.4500,-5.7679,93.1163],
[-16.7256,44.4710,-5.8298,93.1163],
[-16.8595,44.4926,-5.8935,93.1163],
[-16.9906,44.5140,-5.9564,93.1163],
[-17.1242,44.7231,-6.1687,93.1163],
[-17.2549,44.7448,-6.2330,93.1163],
[-17.3880,44.7672,-6.2989,93.1163],
[-17.5184,44.7894,-6.3640,93.1163],
[-17.6512,44.8122,-6.4309,93.1163],
[-17.7811,44.8348,-6.4971,93.1163],
[-17.9135,44.8580,-6.5651,93.1163],
[-18.0431,45.0717,-6.7835,93.1163],
[-18.1751,45.0954,-6.8529,93.1163],
[-18.3043,45.1188,-6.9212,93.1163],
[-18.4359,45.1428,-6.9914,93.1163],
[-18.5647,45.1667,-7.0608,93.1163],
[-18.6959,45.1912,-7.1321,93.1163],
[-18.8243,45.2154,-7.2026,93.1163],
[-18.9551,45.2403,-7.2750,93.1163],
[-19.0832,45.2650,-7.3465,93.1163],
[-19.2135,45.2904,-7.4200,93.1163],
[-19.3412,45.3155,-7.4926,93.1163],
[-19.4712,45.3413,-7.5671,93.1163],
[-19.5984,45.5535,-7.7898,93.1163],
[-19.7279,45.5798,-7.8659,93.1163],
[-19.8548,45.6057,-7.9406,93.1163],
[-19.9839,45.6324,-8.0174,93.1163],
[-20.1103,45.6588,-8.0933,93.1163],
[-20.2390,45.6859,-8.1712,93.1163],
[-20.3650,45.7128,-8.2481,93.1163],
[-20.4933,45.7404,-8.3271,93.1163],
[-20.6189,45.5811,-8.2553,93.1163],
[-20.7468,45.6093,-8.3356,93.1163],
[-20.8720,45.6370,-8.4146,93.1163],
[-20.9994,45.6656,-8.4958,93.1163],
[-21.1241,45.6938,-8.5760,93.1163],
[-21.2512,45.7228,-8.6582,93.1163],
[-21.3755,45.7515,-8.7395,93.1163],
[-21.5021,45.7810,-8.8229,93.1163],
[-21.6260,45.8101,-8.9052,93.1163],
[-21.7521,45.8401,-8.9897,93.1163],
[-21.8756,45.8697,-9.0731,93.1163],
[-22.0013,45.9001,-9.1587,93.1163],
[-22.1243,45.7404,-9.0905,93.1163],
[-22.2496,45.7715,-9.1775,93.1163],
[-22.3722,45.8021,-9.2630,93.1163],
[-22.4970,45.8335,-9.3509,93.1163],
[-22.6192,45.8645,-9.4375,93.1163],
[-22.7435,45.8965,-9.5264,93.1163],
[-22.8653,45.9280,-9.6142,93.1163],
[-22.9892,45.7747,-9.5549,93.1163],
[-23.1105,45.8069,-9.6440,93.1163],
[-23.2340,45.8398,-9.7351,93.1163],
[-23.3548,45.8723,-9.8250,93.1163],
[-23.4778,45.9058,-9.9173,93.1163],
[-23.5982,45.7497,-9.8564,93.1163],
[-23.7208,45.7838,-9.9500,93.1163],
[-23.8407,45.8173,-10.0421,93.1163],
[-23.9629,45.8518,-10.1365,93.1163],
[-24.0824,45.7007,-10.0812,93.1163],
[-24.2040,45.7358,-10.1770,93.1163],
[-24.3231,45.7704,-10.2713,93.1163],
[-24.4443,45.6174,-10.2170,93.1163],
[-24.5629,45.6526,-10.3126,93.1163],
[-24.6836,45.6887,-10.4104,93.1163],
[-24.8018,45.7243,-10.5068,93.1163],
[-24.9221,45.5763,-10.4581,93.1163],
[-25.0397,45.6126,-10.5559,93.1163],
[-25.1596,45.6497,-10.6559,93.1163],
[-25.2768,45.4984,-10.6044,93.1163],
[-25.3961,45.5362,-10.7058,93.1163],
[-25.5129,45.5734,-10.8055,93.1163],
[-25.6318,45.4276,-10.7611,93.1163],
[-25.7481,45.4655,-10.8621,93.1163],
[-25.8665,45.3167,-10.8163,93.1163],
[-25.9824,45.3552,-10.9185,93.1163],
[-26.1004,45.3946,-11.0229,93.1163],
[-26.2157,45.2498,-10.9802,93.1163],
[-26.3332,45.2899,-11.0860,93.1163],
[-26.4482,45.1423,-11.0419,93.1163],
[-26.5652,45.1830,-11.1488,93.1163],
[-26.6819,45.2238,-11.2561,93.1163],
[-26.7962,45.0810,-11.2170,93.1163],
[-26.9125,45.1225,-11.3256,93.1163],
[-27.0262,44.9768,-11.2852,93.1163],
[-27.1421,45.0189,-11.3949,93.1163],
[-27.2554,44.8777,-11.3590,93.1163],
[-27.3707,44.9204,-11.4698,93.1163],
[-27.4836,44.7763,-11.4326,93.1163],
[-27.5984,44.6374,-11.4017,93.1163],
[-27.7108,44.6802,-11.5120,93.1163],
[-27.8252,44.5383,-11.4797,93.1163],
[-27.9371,44.5817,-11.5910,93.1163],
[-28.0510,44.4443,-11.5632,93.1163],
[-28.1625,44.3031,-11.5315,93.1163],
[-28.2759,44.3483,-11.6467,93.1163],
[-28.3869,44.2114,-11.6193,93.1163],
[-28.4999,44.2572,-11.7356,93.1163],
[-28.6104,44.1175,-11.7069,93.1163],
[-28.7229,43.9830,-11.6846,93.1163],
[-28.8329,44.0289,-11.8003,93.1163],
[-28.9449,43.8915,-11.7766,93.1163],
[-29.0545,43.7575,-11.7547,93.1163],
[-29.1660,43.6214,-11.7334,93.1163],
[-29.2751,43.6685,-11.8512,93.1163],
[-29.3862,43.5367,-11.8341,93.1163],
[-29.4948,43.4011,-11.8131,93.1163],
[-29.6054,43.2705,-11.7983,93.1163],
[-29.7135,43.3190,-11.9183,93.1163],
[-29.8236,43.1856,-11.9022,93.1163],
[-29.9313,43.0555,-11.8877,93.1163],
[-30.0409,42.9234,-11.8739,93.1163],
[-30.1481,42.7944,-11.8616,93.1163],
[-30.2573,42.6634,-11.8500,93.1163],
[-30.3640,42.5356,-11.8398,93.1163],
[-30.4727,42.4057,-11.8304,93.1163],
[-30.5790,42.2790,-11.8222,93.1163],
[-30.6871,42.1503,-11.8150,93.1163],
[-30.7929,42.0247,-11.8090,93.1163],
[-30.9006,41.8971,-11.8039,93.1163],
[-31.0060,41.7727,-11.8001,93.1163],
[-31.1132,41.6463,-11.7972,93.1163],
[-31.2181,41.5230,-11.7954,93.1163],
[-31.3248,41.3978,-11.7947,93.1163],
[-31.4292,41.2757,-11.7951,93.1163],
[-31.5355,41.1517,-11.7965,93.1163],
[-31.5354,40.9763,-11.6700,93.1163],
[-31.6394,40.8518,-11.6702,93.1163],
[-31.7452,40.7328,-11.6769,93.1163],
[-31.8487,40.6097,-11.6795,93.1163],
[-31.9540,40.4918,-11.6883,93.1163],
[-31.9539,40.3140,-11.5620,93.1163],
[-32.0570,40.1957,-11.5696,93.1163],
[-32.1618,40.0758,-11.5786,93.1163],
[-32.1617,39.9021,-11.4564,93.1163],
[-32.2643,39.7817,-11.4642,93.1163],
[-32.3687,39.6668,-11.4783,93.1163],
[-32.3686,39.4903,-11.3554,93.1163],
[-32.4708,39.3748,-11.3682,93.1163],
[-32.5746,39.2579,-11.3826,93.1163],
[-32.5745,39.0855,-11.2637,93.1163],
[-32.6762,38.9680,-11.2768,93.1163],
[-32.7796,38.8561,-11.2963,93.1163],
[-32.7795,38.6809,-11.1767,93.1163],
[-32.8808,38.5684,-11.1948,93.1163],
[-32.8806,38.3936,-11.0763,93.1163],
[-32.9837,38.2832,-11.0987,93.1163],
[-32.9836,38.1088,-10.9813,93.1163],
[-33.0844,37.9981,-11.0026,93.1163],
[-33.0842,37.8242,-10.8863,93.1163],
[-33.1868,37.7155,-10.9119,93.1163],
[-33.1867,37.5420,-10.7968,93.1163],
[-33.2870,37.4330,-10.8212,93.1163],
[-33.2869,37.2600,-10.7072,93.1163],
[-33.3890,37.1531,-10.7360,93.1163],
[-33.3889,36.9805,-10.6230,93.1163],
[-33.4887,36.8733,-10.6506,93.1163],
[-33.4886,36.7011,-10.5388,93.1163],
[-33.4886,36.5323,-10.4295,93.1163],
[-33.5902,36.4241,-10.4598,93.1163],
[-33.5901,36.2526,-10.3497,93.1163],
[-33.6895,36.1475,-10.3809,93.1163],
[-33.6894,35.9764,-10.2719,93.1163],
[-33.6894,35.8086,-10.1654,93.1163],
[-33.7906,35.7026,-10.1994,93.1163],
[-33.7904,35.5355,-10.0942,93.1163],
[-33.7904,35.3650,-9.9871,93.1163],
[-33.8894,35.2622,-10.0226,93.1163],
[-33.8893,35.0924,-9.9169,93.1163],
[-33.8893,34.9259,-9.8136,93.1163],
[-33.9899,34.8222,-9.8519,93.1163],
[-33.9898,34.6564,-9.7500,93.1163],
[-33.9898,34.4872,-9.6463,93.1163],
[-34.0883,34.3868,-9.6859,93.1163],
[-34.0882,34.2183,-9.5836,93.1163],
[-34.0882,34.0531,-9.4836,93.1163],
[-34.0882,33.8847,-9.3821,93.1163],
[-34.1884,33.7871,-9.4272,93.1163],
[-34.1883,33.6195,-9.3271,93.1163],
[-34.1883,33.4551,-9.2292,93.1163],
[-34.1883,33.2875,-9.1300,93.1163],
[-34.2863,33.1901,-9.1749,93.1163],
[-34.2862,33.0233,-9.0769,93.1163],
[-34.2862,32.8597,-8.9813,93.1163],
[-34.2862,32.6931,-8.8843,93.1163],
[-34.2862,32.5299,-8.7897,93.1163],
[-34.2862,32.3636,-8.6938,93.1163],
[-34.3859,32.2696,-8.7451,93.1163],
[-34.3858,32.1041,-8.6505,93.1163],
[-34.3858,31.9417,-8.5581,93.1163],
[-34.3858,31.7763,-8.4644,93.1163],
[-34.3858,31.6143,-8.3731,93.1163],
[-34.3858,31.4493,-8.2806,93.1163],
[-34.3858,31.2877,-8.1903,93.1163],
[-34.4833,31.1915,-8.2411,93.1163],
[-34.4832,31.0306,-8.1522,93.1163],
[-34.4832,30.8665,-8.0618,93.1163],
[-34.4832,30.7057,-7.9738,93.1163],
[-34.4832,30.5420,-7.8845,93.1163],
[-34.4832,30.3816,-7.7975,93.1163],
[-34.4832,30.2182,-7.7093,93.1163],
[-34.4832,30.0583,-7.6235,93.1163],
[-34.4832,29.8953,-7.5364,93.1163],
[-34.4832,29.7357,-7.4516,93.1163],
[-34.4832,29.5731,-7.3656,93.1163],
[-34.4832,29.4139,-7.2819,93.1163],
[-34.4832,29.2517,-7.1970,93.1163],
[-34.4832,29.0929,-7.1144,93.1163],
[-34.4832,28.9312,-7.0306,93.1163],
[-34.4832,28.7727,-6.9490,93.1163],
[-34.4832,28.6114,-6.8663,93.1163],
[-34.4832,28.4533,-6.7859,93.1163],
[-34.4832,28.2924,-6.7043,93.1163],
[-34.4832,28.1347,-6.6249,93.1163],
[-34.4832,27.9741,-6.5444,93.1163],
[-34.4832,27.8169,-6.4660,93.1163],
[-34.4832,27.6567,-6.3866,93.1163],
[-34.4832,27.4999,-6.3093,93.1163],
[-34.4832,27.3402,-6.2310,93.1163],
[-34.4832,27.1837,-6.1548,93.1163],
[-34.4832,27.0244,-6.0776,93.1163],
[-34.3859,26.7966,-5.8603,93.1163],
[-34.3858,26.6376,-5.7845,93.1163],
[-34.3858,26.4819,-5.7105,93.1163],
[-34.3858,26.3232,-5.6354,93.1163],
[-34.3858,26.1679,-5.5624,93.1163],
[-34.3858,26.0097,-5.4885,93.1163],
[-34.3858,25.8548,-5.4166,93.1163],
[-34.3858,25.6970,-5.3437,93.1163],
[-34.2863,25.4687,-5.1286,93.1163],
[-34.2862,25.3112,-5.0571,93.1163],
[-34.2862,25.1570,-4.9873,93.1163],
[-34.2862,24.9999,-4.9166,93.1163],
[-34.2862,24.8461,-4.8479,93.1163],
[-34.1884,24.6168,-4.6375,93.1163],
[-34.1883,24.4633,-4.5701,93.1163],
[-34.1883,24.3070,-4.5016,93.1163],
[-34.1883,24.1539,-4.4350,93.1163],
[-34.0883,23.9237,-4.2245,93.1163],
[-34.0882,23.7709,-4.1593,93.1163],
[-34.0882,23.6153,-4.0929,93.1163],
[-34.0882,23.4630,-4.0284,93.1163],
[-33.9899,23.2347,-3.8235,93.1163],
[-33.9898,23.0827,-3.7604,93.1163],
[-33.9898,22.9278,-3.6962,93.1163],
[-33.9898,22.7762,-3.6338,93.1163],
[-33.8894,22.5471,-3.4289,93.1163],
[-33.8893,22.3958,-3.3678,93.1163],
[-33.8893,22.2417,-3.3058,93.1163],
[-33.7906,22.0175,-3.1071,93.1163],
[-33.7904,21.8637,-3.0464,93.1163],
[-33.7904,21.7131,-2.9872,93.1163],
[-33.6895,21.4849,-2.7866,93.1163],
[-33.6894,21.3346,-2.7287,93.1163],
[-33.5902,21.1082,-2.5326,93.1163],
[-33.5901,20.9583,-2.4757,93.1163],
[-33.5901,20.8055,-2.4180,93.1163],
[-33.4887,20.5811,-2.2224,93.1163],
[-33.4886,20.4287,-2.1660,93.1163],
[-33.4886,20.2765,-2.1098,93.1163],
[-33.3890,20.0540,-1.9191,93.1163],
[-33.3889,19.9022,-1.8643,93.1163],
[-33.2870,19.6785,-1.6725,93.1163],
[-33.2869,19.5270,-1.6187,93.1163],
[-33.1868,19.3051,-1.4312,93.1163],
[-33.1867,19.1540,-1.3785,93.1163],
[-33.0844,18.9310,-1.1898,93.1163],
[-33.0842,18.7801,-1.1382,93.1163],
[-32.9837,18.5590,-0.9538,93.1163],
[-32.9836,18.4085,-0.9033,93.1163],
[-32.8808,18.1862,-0.7178,93.1163],
[-32.7796,17.9626,-0.5353,93.1163],
[-32.7795,17.8155,-0.4873,93.1163],
[-32.6762,17.5909,-0.3034,93.1163],
[-32.6761,17.4441,-0.2565,93.1163],
[-32.5746,17.2213,-0.0769,93.1163],
[-32.4708,17.0002,0.1031,93.1163],
[-32.4706,16.8510,0.1494,93.1163],
[-32.3687,16.6317,0.3254,93.1163],
[-32.2643,16.4083,0.5037,93.1163],
[-32.2642,16.2624,0.5475,93.1163],
[-32.1618,16.0408,0.7219,93.1163],
[-32.0570,15.8209,0.8966,93.1163],
[-32.0569,15.6725,0.9398,93.1163],
[-31.9540,15.4545,1.1106,93.1163],
[-31.8487,15.2323,1.2837,93.1163],
[-31.7452,15.0147,1.4522,93.1163],
[-31.7451,14.8670,1.4933,93.1163],
[-31.6394,14.6483,1.6631,93.1163],
[-31.5355,14.4284,1.8299,93.1163],
[-31.4292,14.2103,1.9974,93.1163],
[-31.3248,13.9909,2.1621,93.1163],
[-31.3247,13.8468,2.1997,93.1163],
[-31.2181,13.6264,2.3657,93.1163],
[-31.1132,13.4106,2.5271,93.1163],
[-31.0060,13.1907,2.6907,93.1163],
[-30.9006,12.9753,2.8500,93.1163],
[-30.7929,12.7560,3.0116,93.1163],
[-30.6871,12.5412,3.1689,93.1163],
[-30.5790,12.3223,3.3283,93.1163],
[-30.4727,12.1081,3.4836,93.1163],
[-30.3640,11.8898,3.6410,93.1163],
[-30.2573,11.6760,3.7943,93.1163],
[-30.1481,11.4582,3.9496,93.1163],
[-30.0409,11.2450,4.1008,93.1163],
[-29.9313,11.1732,4.2220,93.1163],
[-29.8236,10.9575,4.3726,93.1163],
[-29.7135,10.7436,4.5237,93.1163],
[-29.6054,10.5285,4.6720,93.1163],
[-29.4948,10.3150,4.8210,93.1163],
[-29.3862,10.2455,4.9373,93.1163],
[-29.2751,10.0297,5.0857,93.1163],
[-29.1660,9.8183,5.2298,93.1163],
[-29.0545,9.6031,5.3759,93.1163],
[-28.9449,9.5342,5.4902,93.1163],
[-28.8329,9.3222,5.6344,93.1163],
[-28.7229,9.1090,5.7756,93.1163],
[-28.6104,9.0394,5.8907,93.1163],
[-28.4999,8.8294,6.0301,93.1163],
[-28.3869,8.6156,6.1710,93.1163],
[-28.2759,8.5479,6.2823,93.1163],
[-28.1625,8.3373,6.4215,93.1163],
[-28.0510,8.1256,6.5576,93.1163],
[-27.9371,8.0571,6.6697,93.1163],
[-27.8252,7.8486,6.8040,93.1163],
[-27.7108,7.7805,6.9151,93.1163],
[-27.5984,7.5696,7.0485,93.1163],
[-27.4836,7.3606,7.1822,93.1163],
[-27.3707,7.2944,7.2896,93.1163],
[-27.2554,7.0830,7.4226,93.1163],
[-27.1421,7.0173,7.5290,93.1163],
[-27.0262,6.8091,7.6600,93.1163],
[-26.9125,6.7438,7.7654,93.1163],
[-26.7962,6.5333,7.8953,93.1163],
[-26.6819,6.4684,7.9997,93.1163],
[-26.5652,6.2612,8.1277,93.1163],
[-26.4482,6.1955,8.2332,93.1163],
[-26.3332,6.1314,8.3364,93.1163],
[-26.2158,5.9219,8.4627,93.1163],
[-26.1003,5.8583,8.5647,93.1163],
[-25.9824,5.7936,8.6684,93.1163],
[-25.8665,5.5889,8.7903,93.1163],
[-25.7481,5.5247,8.8927,93.1163],
[-25.6318,5.3176,9.0135,93.1163],
[-25.5129,5.2539,9.1150,93.1163],
[-25.3961,5.1917,9.2142,93.1163],
[-25.2768,4.9869,9.3345,93.1163],
[-25.1596,4.9251,9.4325,93.1163],
[-25.0397,4.8624,9.5322,93.1163],
[-24.9221,4.6566,9.6489,93.1163],
[-24.8018,4.5944,9.7473,93.1163],
[-24.6836,4.5337,9.8436,93.1163],
[-24.5629,4.3302,9.9598,93.1163],
[-24.4443,4.2700,10.0548,93.1163],
[-24.3231,4.2088,10.1515,93.1163],
[-24.2040,4.1491,10.2457,93.1163],
[-24.0824,3.9436,10.3598,93.1163],
[-23.9629,3.8845,10.4528,93.1163],
[-23.8408,3.8244,10.5474,93.1163],
[-23.7208,3.6236,10.6573,93.1163],
[-23.5982,3.5640,10.7506,93.1163],
[-23.4778,3.5058,10.8419,93.1163],
[-23.3548,3.4468,10.9344,93.1163],
[-23.2340,3.3893,11.0247,93.1163],
[-23.1105,3.1855,11.1337,93.1163],
[-22.9892,3.1285,11.2227,93.1163],
[-22.8653,3.0706,11.3132,93.1163],
[-22.7435,3.0141,11.4014,93.1163],
[-22.6192,2.9568,11.4910,93.1163],
[-22.4970,2.9010,11.5782,93.1163],
[-22.3722,2.7013,11.6833,93.1163],
[-22.2496,2.6460,11.7693,93.1163],
[-22.1243,2.5898,11.8567,93.1163],
[-22.0013,2.5350,11.9420,93.1163],
[-21.8756,2.4795,12.0284,93.1163],
[-21.7521,2.4253,12.1126,93.1163],
[-21.6260,2.3704,12.1980,93.1163],
[-21.5021,2.1704,12.2977,93.1163],
[-21.3755,2.1160,12.3818,93.1163],
[-21.2512,2.0630,12.4640,93.1163],
[-21.1241,2.0092,12.5473,93.1163],
[-20.9994,1.9567,12.6285,93.1163],
[-20.8720,1.9035,12.7108,93.1163],
[-20.7468,1.8517,12.7910,93.1163],
[-20.6189,1.7992,12.8723,93.1163],
[-20.4933,1.7480,12.9514,93.1163],
[-20.3650,1.6961,13.0317,93.1163],
[-20.2390,1.6455,13.1098,93.1163],
[-20.1103,1.5942,13.1890,93.1163],
[-19.9839,1.5443,13.2662,93.1163],
[-19.8548,1.4936,13.3443,93.1163],
[-19.7279,1.4443,13.4204,93.1163],
[-19.5984,1.3943,13.4976,93.1163],
[-19.4711,1.3456,13.5727,93.1163],
[-19.3412,1.2962,13.6487,93.1163],
[-19.2135,1.2482,13.7228,93.1163],
[-19.0832,1.1995,13.7979,93.1163],
[-18.9551,1.1520,13.8709,93.1163],
[-18.8243,1.1040,13.9449,93.1163],
[-18.6959,1.0572,14.0169,93.1163],
