    [1.8012, 52.4874, -9.8644, -43.5041],
    [1.8012, 52.6424, -10.0036, -43.5041],
    [1.8384, 52.6972, -10.0544, -43.5041],
    [1.8384, 53.0615, -10.3830, -43.5041],
    [1.8384, 52.6970, -10.0534, -43.5041],
    [1.8012, 52.6424, -10.0038, -43.5041],
    [0.7188, 50.7584, -8.3044, -43.5041],
    [0.4496, 50.7570, -8.2995, -43.5041],
    [0.4123, 50.8111, -8.3472, -43.5041],
    [0.0256, 50.8099, -8.3432, -43.5041],
    [-0.0116, 50.7565, -8.2978, -43.5041],
    [-0.6676, 50.7582, -8.3035, -43.5041],
    [-0.0116, 50.7565, -8.2979, -43.5041],
    [0.0256, 50.8105, -8.3451, -43.5041],
    [0.4123, 50.8106, -8.3454, -43.5041],
    [0.4496, 50.7573, -8.3004, -43.5041],
    [1.2229, 50.7621, -8.3168, -43.5041],
    [1.1828, 50.8157, -8.3628, -43.5041],
    [1.2229, 50.8661, -8.4080, -43.5041],
    [1.1456, 50.8654, -8.4056, -43.5041],
    [0.9509, 51.0218, -8.5386, -43.5041],
    [0.9508, 51.1261, -8.6309, -43.5041],
    [0.8363, 51.3297, -8.8082, -43.5041],
    [0.7590, 51.3293, -8.8071, -43.5041],
    [0.7189, 51.4333, -8.8984, -43.5041],
    [0.6816, 51.4332, -8.8979, -43.5041],
    [0.6043, 51.5370, -8.9888, -43.5041],
    [0.4897, 51.5365, -8.9872, -43.5041],
    [0.4496, 51.5905, -9.0347, -43.5041],
    [0.3350, 51.5901, -9.0335, -43.5041],
    [0.2949, 51.6403, -9.0778, -43.5041],
    [0.1030, 51.6399, -9.0764, -43.5041],
    [0.0657, 51.5898, -9.0322, -43.5041],
    [-0.0517, 51.5897, -9.0321, -43.5041],
    [-0.2064, 51.4855, -8.9400, -43.5041],
    [-0.3210, 51.3275, -8.8008, -43.5041],
    [-0.3611, 51.3277, -8.8015, -43.5041],
    [-0.5158, 51.0696, -8.5745, -43.5041],
    [-0.4757, 51.0696, -8.5748, -43.5041],
    [-0.4757, 51.1236, -8.6223, -43.5041],
    [-0.3210, 51.3274, -8.8005, -43.5041],
    [-0.2838, 51.3275, -8.8008, -43.5041],
    [-0.0517, 51.5895, -9.0310, -43.5041],
    [0.0657, 51.5897, -9.0321, -43.5041],
    [0.1030, 51.6400, -9.0769, -43.5041],
    [0.2949, 51.6402, -9.0774, -43.5041],
    [0.4496, 51.5363, -8.9865, -43.5041],
    [0.5670, 51.5368, -8.9882, -43.5041],
    [0.6444, 51.4870, -8.9450, -43.5041],
    [0.7189, 51.3831, -8.8540, -43.5041],
    [0.7189, 51.3291, -8.8064, -43.5041],
    [0.7962, 51.3295, -8.8078, -43.5041],
    [0.9509, 51.0719, -8.5826, -43.5041],
    [0.9136, 50.9677, -8.4909, -43.5041],
    [0.8363, 50.9171, -8.4452, -43.5041],
    [0.4496, 50.9147, -8.4371, -43.5041],
    [0.4123, 50.9653, -8.4825, -43.5041],
    [-0.0517, 50.9647, -8.4805, -43.5041],
    [-0.0890, 50.9146, -8.4365, -43.5041],
    [-0.4757, 50.9148, -8.4374, -43.5041],
    [-0.5158, 50.9656, -8.4837, -43.5041],
    [-0.5531, 50.9157, -8.4402, -43.5041],
    [-0.7450, 50.8625, -8.3956, -43.5041],
    [-0.6304, 50.8620, -8.3939, -43.5041],
    [-0.5903, 50.9158, -8.4408, -43.5041],
    [-0.0890, 50.9146, -8.4365, -43.5041],
    [-0.0517, 50.9647, -8.4804, -43.5041],
    [0.4123, 50.9653, -8.4826, -43.5041],
    [0.4496, 50.9153, -8.4389, -43.5041],
    [0.8363, 50.9166, -8.4434, -43.5041],
    [0.8735, 50.9675, -8.4901, -43.5041],
    [0.9509, 50.9680, -8.4918, -43.5041],
    [0.9909, 50.9182, -8.4488, -43.5041],
    [1.1055, 50.9190, -8.4517, -43.5041],
    [1.1828, 50.8156, -8.3627, -43.5041],
    [1.1456, 50.7614, -8.3145, -43.5041],
    [0.9509, 50.7598, -8.3088, -43.5041],
    [0.8735, 50.6553, -8.2164, -43.5041],
    [0.7590, 50.6546, -8.2140, -43.5041],
    [0.4897, 50.4452, -8.0271, -43.5041],
    [0.3350, 50.4449, -8.0265, -43.5041],
    [0.2949, 50.4988, -8.0734, -43.5041],
    [-0.0890, 50.4441, -8.0236, -43.5041],
    [-0.2064, 50.5486, -8.1163, -43.5041],
    [-0.2838, 50.5488, -8.1170, -43.5041],
    [-0.2838, 50.5489, -8.1170, -43.5041],
    [-0.2064, 50.5487, -8.1165, -43.5041],
    [-0.0890, 50.4446, -8.0252, -43.5041],
    [0.0657, 50.4445, -8.0251, -43.5041],
    [0.1030, 50.4985, -8.0724, -43.5041],
    [0.4897, 50.4449, -8.0265, -43.5041],
    [0.7590, 50.6543, -8.2129, -43.5041],
    [0.8735, 50.6553, -8.2164, -43.5041],
    [0.9509, 50.7599, -8.3092, -43.5041],
    [-2.0963, 50.1531, -7.8133, -43.5041],
    [-2.0562, 50.2026, -7.8546, -43.5041],
    [-2.0190, 50.4597, -8.0765, -43.5041],
    [-1.8645, 50.8731, -8.4314, -43.5041],
    [-1.7872, 50.9765, -8.5208, -43.5041],
    [-1.7872, 51.0305, -8.5684, -43.5041],
    [-1.7099, 51.1335, -8.6564, -43.5041],
    [-1.5554, 51.4941, -8.9692, -43.5041],
    [-1.5554, 51.7029, -9.1552, -43.5041],
    [-1.5182, 51.7528, -9.1987, -43.5041],
    [-1.5182, 52.1160, -9.5216, -43.5041],
    [-1.4781, 52.1700, -9.5696, -43.5041],
    [-1.4781, 52.3789, -9.7566, -43.5041],
    [-1.7472, 53.1110, -10.4257, -43.5041],
    [-1.7099, 53.1648, -10.4733, -43.5041],
    [-1.5182, 53.1624, -10.4650, -43.5041],
    [-1.4781, 53.1077, -10.4146, -43.5041],
    [-1.4781, 52.6925, -10.0378, -43.5041],
    [-1.4409, 52.6381, -9.9889, -43.5041],
    [-1.4409, 52.6381, -9.9889, -43.5041],
    [-1.4781, 52.6927, -10.0392, -43.5041],
    [-1.4781, 53.1074, -10.4132, -43.5041],
    [-1.4409, 53.1617, -10.4625, -43.5041],
    [-1.1317, 53.1584, -10.4512, -43.5041],
    [-1.0944, 53.2089, -10.4971, -43.5041],
    [-1.0171, 53.2083, -10.4950, -43.5041],
    [-0.9770, 53.1576, -10.4482, -43.5041],
    [-0.9397, 53.2078, -10.4931, -43.5041],
    [-0.8624, 53.1568, -10.4454, -43.5041],
    [-0.6676, 53.1555, -10.4413, -43.5041],
    [-0.6304, 53.2060, -10.4869, -43.5041],
    [-0.5531, 53.1551, -10.4399, -43.5041],
    [-0.3611, 53.1544, -10.4373, -43.5041],
    [-0.3210, 53.2049, -10.4832, -43.5041],
    [-0.2437, 53.2047, -10.4826, -43.5041],
    [-0.2064, 53.1542, -10.4366, -43.5041],
    [1.7611, 53.1655, -10.4756, -43.5041],
    [-0.2064, 53.1542, -10.4366, -43.5041],
    [-0.2437, 53.2047, -10.4826, -43.5041],
    [-0.3210, 53.2049, -10.4831, -43.5041],
    [-0.3611, 53.1545, -10.4377, -43.5041],
    [-0.5531, 53.1550, -10.4395, -43.5041],
    [-0.5903, 53.2058, -10.4863, -43.5041],
    [-0.6676, 53.1557, -10.4416, -43.5041],
    [-0.8624, 53.1566, -10.4451, -43.5041],
    [-0.8996, 53.2075, -10.4922, -43.5041],
    [-0.9770, 53.1575, -10.4481, -43.5041],
    [-1.0171, 53.2083, -10.4951, -43.5041],
    [-1.0944, 53.2089, -10.4971, -43.5041],
    [-1.1316, 53.1588, -10.4524, -43.5041],
    [-1.7472, 53.1653, -10.4750, -43.5041],
    [-1.7472, 53.0605, -10.3798, -43.5041],
    [-1.4781, 52.3248, -9.7083, -43.5041],
    [-1.4781, 52.1699, -9.5695, -43.5041],
    [-1.5182, 52.1162, -9.5227, -43.5041],
    [-1.5182, 51.7526, -9.1977, -43.5041],
    [-1.5554, 51.7030, -9.1555, -43.5041],
    [-1.5554, 51.4944, -8.9702, -43.5041],
    [-1.8645, 50.9274, -8.4805, -43.5041],
    [-1.9790, 50.6168, -8.2118, -43.5041],
    [-1.9790, 50.5131, -8.1219, -43.5041],
    [-2.0190, 50.4598, -8.0770, -43.5041],
    [-2.0190, 50.3559, -7.9864, -43.5041],
    [3.1080, 50.1184, -7.8327, -43.5041],
    [2.9565, 50.5307, -8.1815, -43.5041],
    [2.9565, 50.4272, -8.0925, -43.5041],
    [3.0337, 50.3250, -8.0079, -43.5041],
    [0.8363, 49.6206, -7.3183, -43.5041],
    [0.7962, 49.6703, -7.3604, -43.5041],
    [0.6444, 49.6194, -7.3144, -43.5041],
    [0.6043, 49.6693, -7.3570, -43.5041],
    [0.6444, 49.7232, -7.4040, -43.5041],
    [0.4897, 49.7225, -7.4015, -43.5041],
    [0.5670, 49.7229, -7.4028, -43.5041],
    [0.6043, 49.6693, -7.3570, -43.5041],
    [0.5670, 49.6192, -7.3135, -43.5041],
    [0.4496, 49.6187, -7.3118, -43.5041],
    [0.4496, 49.6187, -7.3120, -43.5041],
    [0.7189, 49.6196, -7.3151, -43.5041],
    [0.7590, 49.6701, -7.3597, -43.5041],
    [0.0657, 49.6180, -7.3095, -43.5041],
    [0.0657, 49.7217, -7.3987, -43.5041],
    [-0.0890, 49.7216, -7.3986, -43.5041],
    [-0.0890, 49.6679, -7.3525, -43.5041],
    [-0.0517, 49.7217, -7.3988, -43.5041],
    [0.0256, 49.7217, -7.3987, -43.5041],
    [0.0657, 49.6679, -7.3525, -43.5041],
    [-0.0116, 49.5642, -7.2631, -43.5041],
    [0.0256, 49.5642, -7.2632, -43.5041],
    [-2.6739, 49.2839, -7.0902, -43.5041],
    [-2.5196, 49.6414, -7.3885, -43.5041],
    [-2.5567, 49.8997, -7.6136, -43.5041],
    [-2.6339, 50.0050, -7.7088, -43.5041],
    [-2.6339, 50.1627, -7.8454, -43.5041],
    [-2.7511, 50.4726, -8.1204, -43.5041],
    [-2.6739, 50.5751, -8.2065, -43.5041],
    [-2.6739, 50.5752, -8.2067, -43.5041],
    [-2.6739, 50.5752, -8.2067, -43.5041],
    [-2.7511, 50.4728, -8.1212, -43.5041],
    [-2.7111, 50.4220, -8.0749, -43.5041],
    [-2.7511, 50.3689, -8.0308, -43.5041],
    [-2.6339, 50.1087, -7.7982, -43.5041],
    [-2.6339, 49.9551, -7.6656, -43.5041],
    [-2.5196, 49.7453, -7.4786, -43.5041],
    [-2.5196, 49.6417, -7.3897, -43.5041],
    [-2.6740, 49.3874, -7.1782, -43.5041],
    [3.0710, 48.9273, -6.8071, -43.5041],
    [3.0708, 48.9820, -6.8539, -43.5041],
    [3.1479, 49.0336, -6.9024, -43.5041],
    [3.1851, 49.1380, -6.9937, -43.5041],
    [3.2250, 49.0354, -6.9086, -43.5041],
    [3.2250, 49.1390, -6.9970, -43.5041],
    [3.1851, 49.1917, -7.0396, -43.5041],
    [3.1851, 49.5023, -7.3052, -43.5041],
    [3.1479, 49.5514, -7.3458, -43.5041],
    [3.1079, 49.8614, -7.6099, -43.5041],
    [2.9937, 50.1701, -7.8704, -43.5041],
    [2.8794, 50.3215, -7.9961, -43.5041],
    [2.8794, 50.5293, -8.1772, -43.5041],
    [2.8394, 50.5285, -8.1746, -43.5041],
    [2.8794, 50.4755, -8.1305, -43.5041],
    [2.8794, 50.3216, -7.9963, -43.5041],
    [3.1079, 49.8616, -7.6106, -43.5041],
    [3.1479, 49.5513, -7.3450, -43.5041],
    [3.1851, 49.5024, -7.3059, -43.5041],
    [3.1851, 49.1378, -6.9928, -43.5041],
    [3.0708, 48.9819, -6.8536, -43.5041],
    [0.7188, 48.8449, -6.6531, -43.5041],
    [0.8735, 48.9991, -6.7863, -43.5041],
    [0.9909, 49.4677, -7.1879, -43.5041],
    [0.9508, 49.5177, -7.2317, -43.5041],
    [0.9136, 49.7746, -7.4518, -43.5041],
    [0.7590, 49.9312, -7.5847, -43.5041],
    [0.7189, 49.9311, -7.5844, -43.5041],
    [0.7962, 49.8277, -7.4961, -43.5041],
    [0.8363, 49.8280, -7.4971, -43.5041],
    [0.9136, 49.7248, -7.4092, -43.5041],
    [0.9508, 49.5176, -7.2314, -43.5041],
    [0.9909, 49.4681, -7.1898, -43.5041],
    [0.8735, 49.0526, -6.8311, -43.5041],
    [3.0337, 48.6210, -6.5452, -43.5041],
    [3.0337, 48.7742, -6.6749, -43.5041],
    [2.9565, 48.8759, -6.7570, -43.5041],
    [2.9565, 48.9794, -6.8452, -43.5041],
    [2.8394, 49.1301, -6.9671, -43.5041],
    [2.8022, 49.3364, -7.1415, -43.5041],
    [2.8394, 49.0802, -6.9243, -43.5041],
    [2.9565, 48.9256, -6.7992, -43.5041],
    [2.9565, 48.8222, -6.7115, -43.5041],
    [3.0337, 48.7244, -6.6327, -43.5041],
    [-2.4425, 48.2443, -6.1961, -43.5041],
    [-2.4795, 48.2994, -6.2445, -43.5041],
    [-2.4795, 48.4027, -6.3316, -43.5041],
    [-2.3652, 48.7106, -6.5862, -43.5041],
    [-2.2879, 48.8090, -6.6670, -43.5041],
    [-2.2879, 48.9125, -6.7551, -43.5041],
    [-2.2507, 48.9655, -6.7987, -43.5041],
    [-2.2507, 49.1725, -6.9750, -43.5041],
    [-2.2107, 49.2218, -7.0157, -43.5041],
    [-2.2107, 49.4289, -7.1928, -43.5041],
    [-2.2107, 49.2217, -7.0154, -43.5041],
    [-2.2507, 49.1726, -6.9753, -43.5041],
    [-2.2879, 48.8626, -6.7120, -43.5041],
    [-2.3652, 48.7605, -6.6293, -43.5041],
    [-2.4795, 48.4523, -6.3728, -43.5041],
    [-2.4795, 48.2994, -6.2444, -43.5041],
    [-2.4023, 47.9880, -5.9785, -43.5041],
    [-2.4023, 48.0378, -6.0210, -43.5041],
    [-2.4424, 47.9889, -5.9817, -43.5041],
    [-2.4795, 48.0928, -6.0706, -43.5041],
    [-2.6339, 48.3022, -6.2539, -43.5041],
    [-2.7111, 48.5105, -6.4338, -43.5041],
    [-2.7111, 48.7173, -6.6090, -43.5041],
    [-2.7511, 48.7680, -6.6544, -43.5041],
    [-2.7511, 48.8715, -6.7422, -43.5041],
    [-2.6739, 49.0231, -6.8673, -43.5041],
    [-2.6739, 49.1267, -6.9558, -43.5041],
    [-2.7883, 49.2862, -7.0978, -43.5041],
    [-2.8283, 49.3907, -7.1897, -43.5041],
    [-2.8283, 49.5941, -7.3642, -43.5041],
    [-2.8654, 49.6487, -7.4134, -43.5041],
    [-2.8654, 49.8023, -7.5456, -43.5041],
    [-2.8283, 49.8553, -7.5895, -43.5041],
    [-2.8283, 50.0090, -7.7223, -43.5041],
    [-2.7883, 50.0620, -7.7662, -43.5041],
    [-2.7883, 50.2696, -7.9461, -43.5041],
    [-2.7883, 50.0620, -7.7659, -43.5041],
    [-2.8283, 50.0090, -7.7224, -43.5041],
    [-2.8654, 49.6485, -7.4124, -43.5041],
    [-2.8283, 49.5942, -7.3644, -43.5041],
    [-2.8283, 49.3907, -7.1895, -43.5041],
    [-2.7883, 49.3362, -7.1409, -43.5041],
    [-2.7883, 49.2326, -7.0522, -43.5041],
    [-2.6740, 49.0768, -6.9130, -43.5041],
    [-2.7511, 48.8714, -6.7419, -43.5041],
    [-2.7511, 48.7680, -6.6543, -43.5041],
    [-2.7111, 48.7174, -6.6093, -43.5041],
    [-2.7111, 48.4569, -6.3884, -43.5041],
    [-2.6339, 48.2487, -6.2090, -43.5041],
    [-2.4796, 48.0391, -6.0252, -43.5041],
    [-2.4795, 47.9896, -5.9841, -43.5041],
    [-1.0171, 47.8670, -5.8330, -43.5041],
    [-1.1316, 47.8679, -5.8360, -43.5041],
    [-1.2089, 47.7654, -5.7519, -43.5041],
    [-1.3636, 47.7668, -5.7568, -43.5041],
    [-1.4008, 47.7176, -5.7169, -43.5041],
    [-1.3235, 47.7665, -5.7557, -43.5041],
    [-1.1689, 47.7649, -5.7506, -43.5041],
    [-1.1688, 47.8185, -5.7956, -43.5041],
    [-1.1316, 47.8679, -5.8361, -43.5041],
    [2.9937, 47.5873, -5.6743, -43.5041],
    [3.1079, 47.8499, -5.8997, -43.5041],
    [3.1079, 47.9494, -5.9835, -43.5041],
    [3.1851, 48.1079, -6.1210, -43.5041],
    [3.1851, 48.2112, -6.2080, -43.5041],
    [3.3393, 48.6280, -6.5682, -43.5041],
    [3.3392, 48.7815, -6.6996, -43.5041],
    [3.3792, 48.8324, -6.7455, -43.5041],
    [3.3792, 48.9894, -6.8790, -43.5041],
    [3.4163, 49.0402, -6.9248, -43.5041],
    [3.4163, 49.3507, -7.1896, -43.5041],
    [3.4563, 49.4056, -7.2398, -43.5041],
    [3.4563, 49.8161, -7.5919, -43.5041],
    [3.4163, 49.8691, -7.6362, -43.5041],
    [3.4163, 50.0766, -7.8154, -43.5041],
    [3.3393, 50.2822, -7.9889, -43.5041],
    [3.3021, 50.5891, -8.2537, -43.5041],
    [3.1079, 51.1047, -8.6947, -43.5041],
    [2.5707, 51.8229, -9.3016, -43.5041],
    [2.5307, 51.8221, -9.2990, -43.5041],
    [2.3791, 52.0241, -9.4715, -43.5041],
    [2.3791, 52.0784, -9.5205, -43.5041],
    [2.3019, 51.8682, -9.3292, -43.5041],
    [2.4563, 51.6622, -9.1528, -43.5041],
    [2.4935, 51.6630, -9.1558, -43.5041],
    [2.7623, 51.3049, -8.8505, -43.5041],
    [2.7622, 51.2514, -8.8048, -43.5041],
    [2.8394, 51.1527, -8.7217, -43.5041],
    [2.9165, 50.8921, -8.4964, -43.5041],
    [2.9937, 50.7899, -8.4115, -43.5041],
    [3.1079, 50.4805, -8.1470, -43.5041],
    [3.1079, 50.3767, -8.0573, -43.5041],
    [3.1851, 50.1746, -7.8860, -43.5041],
    [3.1851, 50.1747, -7.8864, -43.5041],
    [3.1479, 50.2238, -7.9267, -43.5041],
    [3.1079, 50.4805, -8.1473, -43.5041],
    [3.0337, 50.6367, -8.2796, -43.5041],
    [2.9937, 50.8438, -8.4585, -43.5041],
    [2.8794, 50.9954, -8.5853, -43.5041],
    [2.8394, 51.2028, -8.7657, -43.5041],
    [2.7622, 51.3053, -8.8523, -43.5041],
    [2.7622, 51.3555, -8.8968, -43.5041],
    [2.3019, 51.9224, -9.3779, -43.5041],
    [2.3791, 51.9739, -9.4272, -43.5041],
    [2.4935, 51.8213, -9.2963, -43.5041],
    [2.5307, 51.8221, -9.2990, -43.5041],
    [3.1079, 51.0546, -8.6506, -43.5041],
    [3.2250, 50.6911, -8.3377, -43.5041],
    [3.3021, 50.5892, -8.2543, -43.5041],
    [3.3392, 50.2822, -7.9886, -43.5041],
    [3.4163, 50.0765, -7.8153, -43.5041],
    [3.4163, 49.8691, -7.6359, -43.5041],
    [3.4563, 49.8164, -7.5932, -43.5041],
    [3.4563, 49.4054, -7.2386, -43.5041],
    [3.4163, 49.3509, -7.1903, -43.5041],
    [3.4163, 49.0401, -6.9241, -43.5041],
    [3.3792, 48.9895, -6.8792, -43.5041],
    [3.3393, 48.6282, -6.5688, -43.5041],
    [3.3021, 48.5738, -6.5213, -43.5041],
    [3.2622, 48.3661, -6.3430, -43.5041],
    [3.1851, 48.2609, -6.2498, -43.5041],
    [3.1079, 47.8498, -5.8990, -43.5041],
    [2.8794, 47.5350, -5.6234, -43.5041],
    [2.9165, 47.8455, -5.8850, -43.5041],
    [3.1851, 48.5710, -6.5117, -43.5041],
    [3.1479, 48.6734, -6.5962, -43.5041],
    [3.2250, 48.7289, -6.6479, -43.5041],
    [3.2622, 48.9328, -6.8233, -43.5041],
    [3.3021, 48.9875, -6.8726, -43.5041],
    [3.3021, 49.2443, -7.0914, -43.5041],
    [3.3393, 49.2990, -7.1410, -43.5041],
    [3.3021, 49.4017, -7.2265, -43.5041],
    [3.3393, 49.5062, -7.3186, -43.5041],
    [3.3392, 49.9706, -7.7175, -43.5041],
    [3.3021, 50.0737, -7.8059, -43.5041],
    [3.3021, 49.9700, -7.7161, -43.5041],
    [3.3393, 49.9171, -7.6727, -43.5041],
    [3.3392, 49.6059, -7.4037, -43.5041],
    [3.3021, 49.5552, -7.3584, -43.5041],
    [3.3393, 49.5062, -7.3187, -43.5041],
    [3.3021, 49.4516, -7.2694, -43.5041],
    [3.3393, 49.2990, -7.1408, -43.5041],
    [3.3021, 49.2444, -7.0919, -43.5041],
    [3.3021, 48.9875, -6.8721, -43.5041],
    [3.2622, 48.9329, -6.8236, -43.5041],
    [3.2622, 48.8294, -6.7356, -43.5041],
    [3.1851, 48.7279, -6.6446, -43.5041],
    [3.1479, 48.7769, -6.6840, -43.5041],
    [3.1479, 48.4666, -6.4206, -43.5041],
    [3.0337, 48.1540, -6.1503, -43.5041],
    [2.9565, 48.3091, -6.2771, -43.5041],
    [2.9565, 48.4623, -6.4064, -43.5041],
    [2.8394, 48.6166, -6.5304, -43.5041],
    [2.7251, 48.9206, -6.7820, -43.5041],
    [2.7250, 49.1277, -6.9590, -43.5041],
    [2.6479, 49.3332, -7.1308, -43.5041],
    [2.6479, 49.5405, -7.3087, -43.5041],
    [2.6479, 49.3333, -7.1309, -43.5041],
    [2.6850, 49.2842, -7.0910, -43.5041],
    [2.6850, 49.1269, -6.9564, -43.5041],
    [2.7250, 49.0779, -6.9168, -43.5041],
    [2.7250, 48.8709, -6.7402, -43.5041],
    [2.8394, 48.5629, -6.4845, -43.5041],
    [2.9565, 48.4124, -6.3642, -43.5041],
    [2.9565, 48.2556, -6.2320, -43.5041],
    [3.0337, 48.1541, -6.1510, -43.5041],
    [3.0337, 48.1044, -6.1094, -43.5041],
    [2.9565, 47.9994, -6.0167, -43.5041],
    [2.9165, 48.0482, -6.0556, -43.5041],
    [2.9165, 48.0482, -6.0556, -43.5041],
    [2.8794, 47.9977, -6.0111, -43.5041],
    [2.9165, 47.9985, -6.0139, -43.5041],
    [2.9565, 47.8962, -5.9303, -43.5041],
    [2.8794, 47.7416, -5.7966, -43.5041],
    [-0.7078, 47.4521, -5.4818, -43.5041],
    [-0.7450, 47.5059, -5.5271, -43.5041],
    [-0.7450, 47.6091, -5.6130, -43.5041],
    [-0.8624, 47.6098, -5.6153, -43.5041],
    [-0.8624, 47.5067, -5.5295, -43.5041],
    [-0.8996, 47.4534, -5.4859, -43.5041],
    [-0.8223, 47.5064, -5.5286, -43.5041],
    [-2.9054, 47.4328, -5.5409, -43.5041],
    [-2.9054, 47.5855, -5.6679, -43.5041],
    [-2.8654, 47.6381, -5.7097, -43.5041],
    [-2.8283, 47.8933, -5.9204, -43.5041],
    [-2.8654, 47.6878, -5.7508, -43.5041],
    [-2.9054, 47.6390, -5.7126, -43.5041],
    [1.2974, 47.4068, -5.4553, -43.5041],
    [1.2601, 47.4564, -5.4957, -43.5041],
    [1.2974, 47.5102, -5.5414, -43.5041],
    [1.3747, 47.4575, -5.4994, -43.5041],
    [1.4147, 47.4579, -5.5009, -43.5041],
    [1.3747, 47.5110, -5.5440, -43.5041],
    [1.3747, 47.5110, -5.5440, -43.5041],
    [1.2974, 47.5102, -5.5413, -43.5041],
    [1.2601, 47.5595, -5.5815, -43.5041],
    [1.4148, 47.6641, -5.6724, -43.5041],
    [1.2601, 47.5594, -5.5812, -43.5041],
    [1.2974, 47.5102, -5.5414, -43.5041],
    [1.2601, 47.4564, -5.4957, -43.5041],
    [2.1074, 47.4672, -5.5317, -43.5041],
    [2.1074, 47.5703, -5.6174, -43.5041],
    [1.9529, 47.6213, -5.6539, -43.5041],
    [1.8384, 47.8260, -5.8205, -43.5041],
    [1.5293, 47.9212, -5.8898, -43.5041],
    [1.8012, 47.8254, -5.8183, -43.5041],
    [1.9157, 47.6705, -5.6934, -43.5041],
    [1.8785, 47.5669, -5.6059, -43.5041],
    [1.8012, 47.5658, -5.6024, -43.5041],
    [1.6466, 47.4605, -5.5095, -43.5041],
    [1.5693, 47.6659, -5.6782, -43.5041],
    [1.4920, 47.7682, -5.7616, -43.5041],
    [1.4147, 47.8209, -5.8036, -43.5041],
    [1.2974, 47.8197, -5.7995, -43.5041],
    [1.1456, 47.6615, -5.6636, -43.5041],
    [1.1456, 47.6120, -5.6226, -43.5041],
    [1.2974, 47.8196, -5.7990, -43.5041],
    [1.4148, 47.8209, -5.8035, -43.5041],
    [1.6066, 47.5631, -5.5931, -43.5041],
    [1.6066, 47.4601, -5.5081, -43.5041],
    [1.8012, 47.5160, -5.5606, -43.5041],
    [1.9157, 47.6208, -5.6521, -43.5041],
    [2.0702, 47.5697, -5.6152, -43.5041],
    [2.1074, 47.5207, -5.5761, -43.5041],
    [2.0702, 47.4666, -5.5297, -43.5041],
    [1.9529, 47.4648, -5.5236, -43.5041],
    [1.7239, 47.3087, -5.3855, -43.5041],
    [1.2601, 47.3036, -5.3689, -43.5041],
    [1.1456, 47.4056, -5.4507, -43.5041],
    [1.0683, 47.4050, -5.4487, -43.5041],
    [0.8363, 47.7125, -5.6996, -43.5041],
    [0.9136, 47.8165, -5.7888, -43.5041],
    [1.0683, 47.8176, -5.7925, -43.5041],
    [1.1055, 47.8677, -5.8354, -43.5041],
    [1.1055, 47.8677, -5.8354, -43.5041],
    [1.0683, 47.8177, -5.7928, -43.5041],
    [0.8735, 47.8161, -5.7876, -43.5041],
    [0.8363, 47.7625, -5.7425, -43.5041],
    [0.8735, 47.6099, -5.6155, -43.5041],
    [1.0282, 47.4046, -5.4471, -43.5041],
    [1.1055, 47.4053, -5.4498, -43.5041],
    [1.2601, 47.3035, -5.3685, -43.5041],
    [1.7239, 47.3089, -5.3863, -43.5041],
    [1.7611, 47.3590, -5.4291, -43.5041],
    [1.8384, 47.3601, -5.4326, -43.5041],
    [1.9929, 47.4653, -5.5254, -43.5041],
    [-2.7112, 47.3251, -5.4410, -43.5041],
    [-2.7883, 47.3768, -5.4880, -43.5041],
    [-2.7883, 47.6860, -5.7449, -43.5041],
    [-2.7883, 47.3767, -5.4874, -43.5041],
    [-0.3210, 47.8137, -5.7797, -43.5041],
    [-0.4757, 47.8141, -5.7810, -43.5041],
    [-0.5158, 47.7112, -5.6954, -43.5041],
    [-0.4757, 47.6078, -5.6089, -43.5041],
    [-0.5531, 47.5050, -5.5239, -43.5041],
    [-0.5903, 47.5548, -5.5659, -43.5041],
    [-0.5903, 47.6580, -5.6518, -43.5041],
    [-0.6676, 47.7615, -5.7391, -43.5041],
    [-0.7450, 47.8154, -5.7853, -43.5041],
    [-0.9397, 47.7631, -5.7443, -43.5041],
    [-1.0171, 47.6109, -5.6189, -43.5041],
    [-1.0171, 47.4046, -5.4471, -43.5041],
    [-1.0171, 47.4046, -5.4475, -43.5041],
    [-1.0171, 47.5574, -5.5744, -43.5041],
    [-0.8996, 47.7628, -5.7434, -43.5041],
    [-0.7450, 47.8154, -5.7851, -43.5041],
    [-0.5903, 47.6082, -5.6099, -43.5041],
    [-0.5903, 47.4020, -5.4385, -43.5041],
    [-0.7077, 47.2995, -5.3549, -43.5041],
    [-0.8223, 47.3001, -5.3572, -43.5041],
    [-0.8624, 47.2470, -5.3139, -43.5041],
    [-1.0944, 47.2485, -5.3189, -43.5041],
    [-1.1316, 47.3025, -5.3649, -43.5041],
    [-1.2462, 47.3035, -5.3682, -43.5041],
    [-1.4409, 47.4581, -5.5012, -43.5041],
    [-1.4008, 47.5609, -5.5862, -43.5041],
    [-1.2863, 47.5597, -5.5822, -43.5041],
    [-1.0944, 47.4051, -5.4489, -43.5041],
    [-1.2462, 47.5593, -5.5806, -43.5041],
    [-1.3636, 47.5605, -5.5848, -43.5041],
    [-1.4008, 47.6144, -5.6308, -43.5041],
    [-1.4409, 47.5614, -5.5877, -43.5041],
    [-1.4781, 47.5618, -5.5890, -43.5041],
    [-1.4409, 47.5117, -5.5463, -43.5041],
    [-1.5182, 47.4591, -5.5046, -43.5041],
    [-1.3636, 47.3542, -5.4131, -43.5041],
    [-1.1316, 47.3023, -5.3643, -43.5041],
    [-1.0944, 47.2487, -5.3196, -43.5041],
    [-0.8624, 47.2468, -5.3132, -43.5041],
    [-0.8223, 47.3002, -5.3573, -43.5041],
    [-0.7077, 47.2995, -5.3550, -43.5041],
    [-0.6676, 47.3489, -5.3956, -43.5041],
    [-0.4757, 47.4014, -5.4368, -43.5041],
    [-0.3611, 47.5539, -5.5628, -43.5041],
    [-0.3210, 47.6570, -5.6487, -43.5041],
    [3.3021, 47.2855, -5.4420, -43.5041],
    [3.3792, 47.3411, -5.4929, -43.5041],
    [3.3792, 47.3907, -5.5342, -43.5041],
    [3.3393, 47.3401, -5.4896, -43.5041],
    [3.2622, 47.3877, -5.5243, -43.5041],
    [3.3021, 47.4918, -5.6133, -43.5041],
    [3.2622, 47.5939, -5.6958, -43.5041],
    [3.2622, 47.9033, -5.9537, -43.5041],
    [3.2622, 47.9034, -5.9544, -43.5041],
    [3.2622, 47.5938, -5.6952, -43.5041],
    [3.3021, 47.5453, -5.6578, -43.5041],
    [3.2250, 47.4402, -5.5656, -43.5041],
    [3.3792, 46.9821, -5.1943, -43.5041],
    [3.4563, 47.0874, -5.2878, -43.5041],
    [3.4563, 47.1866, -5.3699, -43.5041],
    [3.4934, 47.2410, -5.4174, -43.5041],
    [3.4934, 47.5997, -5.7146, -43.5041],
    [3.4563, 47.6524, -5.7569, -43.5041],
    [3.4563, 47.9579, -6.0118, -43.5041],
    [3.3393, 48.2149, -6.2202, -43.5041],
    [3.3392, 48.2151, -6.2209, -43.5041],
    [3.4563, 47.9082, -5.9700, -43.5041],
    [3.4563, 47.6523, -5.7565, -43.5041],
    [3.4934, 47.5999, -5.7156, -43.5041],
    [3.4934, 47.2409, -5.4165, -43.5041],
    [3.3792, 47.0319, -5.2367, -43.5041],
    [-2.6342, 47.1167, -5.2642, -43.5041],
    [-2.5567, 47.3224, -5.4309, -43.5041],
    [-2.5567, 47.5286, -5.6023, -43.5041],
    [-2.6339, 47.6829, -5.7348, -43.5041],
    [-2.6339, 47.7861, -5.8211, -43.5041],
    [-2.7111, 47.9405, -5.9541, -43.5041],
    [-2.7111, 48.0438, -6.0409, -43.5041],
    [-2.8655, 48.4600, -6.3982, -43.5041],
    [-2.8654, 48.7206, -6.6197, -43.5041],
    [-2.9797, 48.8763, -6.7586, -43.5041],
    [-2.9426, 48.9254, -6.7985, -43.5041],
    [-2.8654, 48.8739, -6.7504, -43.5041],
    [-2.9054, 48.9246, -6.7957, -43.5041],
    [-2.9054, 49.1852, -7.0176, -43.5041],
    [-2.9426, 49.2359, -7.0634, -43.5041],
    [-2.9426, 50.2191, -7.9109, -43.5041],
    [-2.9054, 50.2721, -7.9549, -43.5041],
    [-2.9054, 50.4260, -8.0886, -43.5041],
    [-2.8654, 50.4752, -8.1295, -43.5041],
    [-2.8283, 50.8400, -8.4456, -43.5041],
    [-2.7111, 51.0458, -8.6207, -43.5041],
    [-2.6739, 51.1994, -8.7543, -43.5041],
    [-2.5196, 51.4548, -8.9718, -43.5041],
    [-2.4795, 51.6125, -9.1101, -43.5041],
    [-2.3251, 51.8684, -9.3302, -43.5041],
    [-2.2879, 51.8178, -9.2841, -43.5041],
    [-2.2879, 51.7134, -9.1913, -43.5041],
    [-2.4023, 51.5570, -9.0573, -43.5041],
    [-2.5196, 51.2464, -8.7876, -43.5041],
    [-2.5196, 51.0421, -8.6081, -43.5041],
    [-2.5968, 50.8856, -8.4744, -43.5041],
    [-2.5968, 50.7315, -8.3394, -43.5041],
    [-2.4795, 50.5213, -8.1498, -43.5041],
    [-2.4795, 50.4675, -8.1033, -43.5041],
    [-2.4023, 50.4160, -8.0548, -43.5041],
    [-2.3651, 50.3115, -7.9621, -43.5041],
    [-2.1335, 49.9958, -7.6773, -43.5041],
    [-2.0963, 49.8418, -7.5437, -43.5041],
    [-2.1335, 49.7886, -7.4994, -43.5041],
    [-2.1335, 49.6849, -7.4099, -43.5041],
    [-2.2107, 49.5825, -7.3249, -43.5041],
    [-2.3251, 49.5844, -7.3315, -43.5041],
    [-2.3651, 49.5352, -7.2911, -43.5041],
    [-2.4424, 49.5865, -7.3386, -43.5041],
    [-2.4023, 49.5359, -7.2933, -43.5041],
    [-2.5196, 49.3845, -7.1685, -43.5041],
    [-2.5567, 49.2279, -7.0364, -43.5041],
    [-2.5567, 49.2817, -7.0825, -43.5041],
    [-2.4023, 49.5357, -7.2925, -43.5041],
    [-2.3251, 49.5844, -7.3315, -43.5041],
    [-2.1735, 49.5818, -7.3227, -43.5041],
    [-2.1335, 49.6350, -7.3670, -43.5041],
    [-2.1335, 49.7886, -7.4993, -43.5041],
    [-2.0963, 49.8418, -7.5438, -43.5041],
    [-2.1335, 50.0499, -7.7250, -43.5041],
    [-2.3652, 50.3612, -8.0043, -43.5041],
    [-2.3651, 50.4154, -8.0526, -43.5041],
    [-2.4023, 50.4161, -8.0549, -43.5041],
    [-2.4795, 50.5214, -8.1501, -43.5041],
    [-2.4795, 50.5714, -8.1940, -43.5041],
    [-2.5968, 50.7815, -8.3829, -43.5041],
    [-2.5968, 50.8856, -8.4745, -43.5041],
    [-2.5196, 51.0421, -8.6082, -43.5041],
    [-2.5196, 51.2465, -8.7882, -43.5041],
    [-2.4424, 51.3493, -8.8754, -43.5041],
    [-2.4023, 51.5068, -9.0129, -43.5041],
    [-2.2879, 51.7133, -9.1908, -43.5041],
    [-2.2879, 51.8178, -9.2840, -43.5041],
    [-2.3651, 51.8693, -9.3333, -43.5041],
    [-2.3651, 51.8191, -9.2887, -43.5041],
    [-2.4795, 51.6627, -9.1546, -43.5041],
    [-2.5196, 51.5090, -9.0203, -43.5041],
    [-2.6740, 51.2494, -8.7979, -43.5041],
    [-2.8283, 50.8399, -8.4450, -43.5041],
    [-2.8283, 50.6823, -8.3082, -43.5041],
    [-2.8654, 50.6330, -8.2672, -43.5041],
    [-2.8654, 50.4752, -8.1293, -43.5041],
    [-2.9054, 50.4260, -8.0888, -43.5041],
    [-2.9054, 50.2721, -7.9547, -43.5041],
    [-2.9426, 50.2191, -7.9108, -43.5041],
    [-2.9426, 49.2359, -7.0635, -43.5041],
    [-2.9054, 49.1853, -7.0181, -43.5041],
    [-2.9054, 48.9782, -6.8411, -43.5041],
    [-2.9797, 48.8764, -6.7588, -43.5041],
    [-3.0569, 48.8781, -6.7647, -43.5041],
    [-2.9426, 48.8219, -6.7103, -43.5041],
    [-2.8654, 48.7206, -6.6201, -43.5041],
    [-2.8654, 48.4602, -6.3993, -43.5041],
    [-2.7883, 48.3055, -6.2649, -43.5041],
    [-2.7883, 48.2022, -6.1780, -43.5041],
    [-2.6740, 47.8900, -5.9093, -43.5041],
    [-2.6739, 47.7869, -5.8238, -43.5041],
    [-2.5567, 47.5285, -5.6020, -43.5041],
    [-2.5567, 47.3721, -5.4723, -43.5041],
    [-2.6339, 47.2209, -5.3506, -43.5041],
    [-3.0197, 47.0232, -5.2081, -43.5041],
    [-3.0569, 47.1271, -5.2959, -43.5041],
    [-3.0569, 47.4361, -5.5516, -43.5041],
    [-3.0969, 47.5403, -5.6411, -43.5041],
    [-3.2511, 47.6470, -5.7392, -43.5041],
    [-3.3653, 47.6500, -5.7489, -43.5041],
    [-3.4053, 47.7007, -5.7939, -43.5041],
    [-3.6336, 47.7601, -5.8583, -43.5041],
    [-3.6735, 47.8111, -5.9042, -43.5041],
    [-3.6336, 47.8635, -5.9452, -43.5041],
    [-3.4424, 47.8582, -5.9277, -43.5041],
    [-3.4053, 47.8038, -5.8801, -43.5041],
    [-3.2511, 47.7999, -5.8669, -43.5041],
    [-3.2111, 47.7493, -5.8223, -43.5041],
    [-3.0198, 47.6911, -5.7621, -43.5041],
    [-3.0197, 47.8479, -5.8934, -43.5041],
    [-2.9797, 47.8967, -5.9321, -43.5041],
    [-3.0197, 48.0008, -6.0215, -43.5041],
    [-2.9426, 48.1520, -6.1440, -43.5041],
    [-2.9426, 48.3089, -6.2761, -43.5041],
    [-2.9054, 48.3578, -6.3155, -43.5041],
    [-2.9797, 48.1528, -6.1467, -43.5041],
    [-3.1740, 48.2108, -6.2067, -43.5041],
    [-3.3653, 48.3686, -6.3514, -43.5041],
    [-2.9797, 48.1032, -6.1053, -43.5041],
    [-2.9797, 48.0496, -6.0603, -43.5041],
    [-3.0569, 48.0017, -6.0244, -43.5041],
    [-3.4424, 48.2674, -6.2716, -43.5041],
    [-3.0970, 48.0021, -6.0256, -43.5041],
    [-3.0197, 48.0008, -6.0216, -43.5041],
    [-2.9797, 47.9464, -5.9737, -43.5041],
    [-3.0197, 47.7447, -5.8070, -43.5041],
    [-3.0969, 47.6930, -5.7685, -43.5041],
    [-3.2511, 47.7998, -5.8668, -43.5041],
    [-3.6337, 47.8629, -5.9434, -43.5041],
    [-3.6735, 47.9143, -5.9905, -43.5041],
    [-3.7106, 47.8121, -5.9076, -43.5041],
    [-3.6735, 47.7614, -5.8627, -43.5041],
    [-3.5565, 47.7581, -5.8518, -43.5041],
    [-3.4053, 47.6509, -5.7522, -43.5041],
    [-3.2511, 47.6470, -5.7392, -43.5041],
    [-3.1740, 47.5421, -5.6472, -43.5041],
    [-3.1340, 47.5412, -5.6441, -43.5041],
    [-3.0569, 47.4362, -5.5522, -43.5041],
    [-3.0569, 47.1270, -5.2953, -43.5041],
    [-2.0963, 46.7992, -4.9787, -43.5041],
    [-2.1335, 47.0057, -5.1501, -43.5041],
    [-2.1735, 47.0598, -5.1967, -43.5041],
    [-2.1735, 47.1591, -5.2787, -43.5041],
    [-2.2107, 47.2131, -5.3250, -43.5041],
    [-2.2107, 47.3658, -5.4515, -43.5041],
    [-2.2879, 47.5236, -5.5859, -43.5041],
    [-2.2879, 47.7299, -5.7579, -43.5041],
    [-2.2507, 47.7790, -5.7975, -43.5041],
    [-2.2507, 48.3450, -6.2728, -43.5041],
    [-2.2107, 48.3979, -6.3157, -43.5041],
    [-2.2107, 48.7080, -6.5775, -43.5041],
    [-2.1735, 48.7573, -6.6184, -43.5041],
    [-2.1735, 48.9105, -6.7485, -43.5041],
    [-2.1335, 48.9636, -6.7922, -43.5041],
    [-2.1335, 49.2741, -7.0566, -43.5041],
    [-2.0963, 49.3235, -7.0981, -43.5041],
    [-2.0963, 49.3235, -7.0981, -43.5041],
    [-2.1335, 49.2742, -7.0574, -43.5041],
    [-2.1335, 48.9635, -6.7915, -43.5041],
    [-2.1735, 48.9106, -6.7487, -43.5041],
    [-2.1735, 48.7573, -6.6182, -43.5041],
    [-2.2107, 48.7081, -6.5782, -43.5041],
    [-2.2107, 48.3978, -6.3150, -43.5041],
    [-2.2507, 48.3450, -6.2728, -43.5041],
    [-2.2507, 47.7790, -5.7976, -43.5041],
    [-2.2879, 47.7300, -5.7582, -43.5041],
    [-2.2879, 47.5236, -5.5859, -43.5041],
    [-2.2507, 47.4696, -5.5395, -43.5041],
    [-2.2107, 47.1596, -5.2800, -43.5041],
    [-2.1735, 47.1094, -5.2377, -43.5041],
    [-2.1735, 47.0064, -5.1525, -43.5041],
    [-0.2437, 46.7827, -4.9241, -43.5041],
    [-0.3611, 46.8859, -5.0095, -43.5041],
    [-0.4385, 46.8366, -4.9696, -43.5041],
    [-0.4757, 46.8863, -5.0109, -43.5041],
    [-0.5158, 46.7835, -4.9266, -43.5041],
    [-0.6304, 46.7839, -4.9282, -43.5041],
    [-0.6676, 46.7346, -4.8882, -43.5041],
    [-0.7450, 46.7350, -4.8895, -43.5041],
    [-0.8996, 46.6329, -4.8079, -43.5041],
    [-1.0543, 46.6341, -4.8117, -43.5041],
    [-1.2089, 46.5325, -4.7317, -43.5041],
    [-1.5182, 46.5355, -4.7415, -43.5041],
    [-1.5955, 46.5863, -4.7862, -43.5041],
    [-1.6727, 46.6902, -4.8738, -43.5041],
    [-1.6727, 46.7436, -4.9178, -43.5041],
    [-1.8244, 46.8980, -5.0496, -43.5041],
    [-1.9017, 47.1052, -5.2233, -43.5041],
    [-1.9418, 47.4149, -5.4812, -43.5041],
    [-2.0562, 47.6726, -5.7002, -43.5041],
    [-2.1335, 48.0865, -6.0491, -43.5041],
    [-2.0963, 47.9829, -5.9618, -43.5041],
    [-2.0963, 47.8300, -5.8337, -43.5041],
    [-2.0190, 47.6224, -5.6571, -43.5041],
    [-2.0190, 47.5193, -5.5715, -43.5041],
    [-1.9418, 47.3615, -5.4373, -43.5041],
    [-1.9017, 47.0555, -5.1820, -43.5041],
    [-1.8244, 46.8485, -5.0088, -43.5041],
    [-1.7872, 46.8480, -5.0075, -43.5041],
    [-1.6327, 46.5866, -4.7870, -43.5041],
    [-1.5554, 46.5362, -4.7440, -43.5041],
    [-1.2090, 46.5322, -4.7306, -43.5041],
    [-1.0543, 46.6341, -4.8117, -43.5041],
    [-0.8997, 46.6330, -4.8079, -43.5041],
    [-0.8624, 46.6823, -4.8481, -43.5041],
    [-0.7851, 46.6818, -4.8464, -43.5041],
    [-0.6304, 46.7839, -4.9280, -43.5041],
    [-0.5158, 46.7834, -4.9265, -43.5041],
    [-0.3984, 46.8860, -5.0099, -43.5041],
    [-1.8645, 46.3346, -4.5891, -43.5041],
    [-1.9790, 46.6447, -4.8465, -43.5041],
    [-2.0190, 46.8513, -5.0183, -43.5041],
    [-1.9790, 46.5915, -4.8031, -43.5041],
    [2.3391, 46.6505, -4.8666, -43.5041],
    [2.3391, 46.7538, -4.9514, -43.5041],
    [2.2247, 46.7517, -4.9448, -43.5041],
    [2.1474, 46.6475, -4.8560, -43.5041],
    [1.7239, 46.6413, -4.8355, -43.5041],
    [1.6838, 46.5874, -4.7899, -43.5041],
    [1.6466, 46.6403, -4.8321, -43.5041],
    [1.5693, 46.6393, -4.8290, -43.5041],
    [1.4148, 46.7404, -4.9074, -43.5041],
    [1.2601, 46.7389, -4.9023, -43.5041],
    [1.2229, 46.7882, -4.9421, -43.5041],
    [1.1456, 46.7875, -4.9398, -43.5041],
    [0.9910, 46.8891, -5.0201, -43.5041],
    [0.9508, 46.8393, -4.9786, -43.5041],
    [0.8363, 46.9415, -5.0607, -43.5041],
    [0.8363, 46.9415, -5.0609, -43.5041],
    [0.9136, 46.8886, -5.0185, -43.5041],
    [0.9508, 46.7859, -4.9346, -43.5041],
    [0.9909, 46.8892, -5.0204, -43.5041],
    [1.0282, 46.8399, -4.9806, -43.5041],
    [1.1055, 46.8405, -4.9826, -43.5041],
    [1.2601, 46.7388, -4.9022, -43.5041],
    [1.4148, 46.7404, -4.9075, -43.5041],
    [1.4520, 46.6875, -4.8652, -43.5041],
    [1.5293, 46.6884, -4.8681, -43.5041],
    [1.6838, 46.5873, -4.7896, -43.5041],
    [1.7239, 46.6413, -4.8354, -43.5041],
    [2.1474, 46.6476, -4.8561, -43.5041],
    [2.3019, 46.7530, -4.9489, -43.5041],
    [2.3391, 46.7004, -4.9076, -43.5041],
    [2.2618, 46.5961, -4.8185, -43.5041],
    [1.9157, 46.3348, -4.5896, -43.5041],
    [1.8384, 46.3837, -4.6283, -43.5041],
    [1.2601, 46.3769, -4.6058, -43.5041],
    [1.2229, 46.4298, -4.6482, -43.5041],
    [1.0683, 46.4284, -4.6435, -43.5041],
    [1.0282, 46.4777, -4.6832, -43.5041],
    [0.9509, 46.4771, -4.6813, -43.5041],
    [0.7962, 46.5789, -4.7619, -43.5041],
    [0.7189, 46.6815, -4.8451, -43.5041],
    [0.7189, 46.7844, -4.9298, -43.5041],
    [0.6816, 46.8376, -4.9731, -43.5041],
    [0.7189, 47.0438, -5.1433, -43.5041],
    [0.6816, 46.9902, -5.0989, -43.5041],
    [0.6816, 46.8376, -4.9730, -43.5041],
    [0.7189, 46.7844, -4.9298, -43.5041],
    [0.7189, 46.6319, -4.8044, -43.5041],
    [0.9136, 46.4767, -4.6798, -43.5041],
    [1.2229, 46.4295, -4.6471, -43.5041],
    [1.2601, 46.3769, -4.6058, -43.5041],
    [1.8384, 46.3837, -4.6284, -43.5041],
    [1.9157, 46.3353, -4.5915, -43.5041],
    [2.1074, 46.4905, -4.7253, -43.5041],
    [2.1846, 46.4919, -4.7300, -43.5041],
    [2.3019, 46.6501, -4.8644, -43.5041],
    [-1.7472, 46.1803, -4.4593, -43.5041],
    [-1.7099, 46.1268, -4.4145, -43.5041],
    [-1.7099, 46.1801, -4.4579, -43.5041],
    [-1.7472, 46.2301, -4.4999, -43.5041],
    [-1.7872, 46.4363, -4.6693, -43.5041],
    [-1.7099, 46.5382, -4.7503, -43.5041],
    [-1.5955, 46.4338, -4.6612, -43.5041],
    [-1.5954, 46.4339, -4.6615, -43.5041],
    [-1.5554, 46.3800, -4.6163, -43.5041],
    [-1.3235, 46.3278, -4.5667, -43.5041],
    [-1.2862, 46.2781, -4.5258, -43.5041],
    [-1.2462, 46.3272, -4.5649, -43.5041],
    [-1.2089, 46.2773, -4.5233, -43.5041],
    [-0.8997, 46.2745, -4.5140, -43.5041],
    [-0.8624, 46.3241, -4.5547, -43.5041],
    [-0.7077, 46.3231, -4.5514, -43.5041],
    [-0.6676, 46.3725, -4.5914, -43.5041],
    [-0.3612, 46.4243, -4.6299, -43.5041],
    [-0.2064, 46.5766, -4.7543, -43.5041],
    [-0.2064, 46.6797, -4.8392, -43.5041],
    [-0.1291, 46.7329, -4.8827, -43.5041],
    [-0.1291, 46.8359, -4.9674, -43.5041],
    [-0.0890, 46.8855, -5.0082, -43.5041],
    [-0.0890, 46.8855, -5.0082, -43.5041],
    [-0.1291, 46.7825, -4.9235, -43.5041],
    [-0.3210, 46.4738, -4.6701, -43.5041],
    [-0.4757, 46.4249, -4.6320, -43.5041],
    [-0.5158, 46.3718, -4.5892, -43.5041],
    [-0.8624, 46.3236, -4.5532, -43.5041],
    [-0.8996, 46.2748, -4.5151, -43.5041],
    [-1.2090, 46.2770, -4.5222, -43.5041],
    [-1.2462, 46.3272, -4.5649, -43.5041],
    [-1.2862, 46.2781, -4.5258, -43.5041],
    [-1.3235, 46.3280, -4.5674, -43.5041],
    [-1.5554, 46.3798, -4.6156, -43.5041],
    [-1.7100, 46.5381, -4.7500, -43.5041],
    [-1.7872, 46.4363, -4.6695, -43.5041],
    [-1.7472, 46.3329, -4.5837, -43.5041],
    [-1.9017, 45.0531, -3.5551, -43.5041],
    [-1.9418, 45.2589, -3.7210, -43.5041],
    [-2.0190, 45.4159, -3.8501, -43.5041],
    [-2.0190, 45.5186, -3.9330, -43.5041],
    [-2.0190, 45.5186, -3.9330, -43.5041],
    [-2.0190, 45.4159, -3.8503, -43.5041],
    [-1.9418, 45.2589, -3.7211, -43.5041],
    [-1.9790, 45.2101, -3.6836, -43.5041],
    [-2.0562, 45.2607, -3.7270, -43.5041],
    [-2.2507, 45.7773, -4.1512, -43.5041],
    [-2.2879, 45.9833, -4.3195, -43.5041],
    [-2.2507, 45.7772, -4.1509, -43.5041],
    [-2.2107, 45.7233, -4.1059, -43.5041],
    [-2.2107, 45.6206, -4.0229, -43.5041],
    [-2.1335, 45.4177, -3.8560, -43.5041],
    [-2.0562, 45.3139, -3.7697, -43.5041],
    [-2.0190, 45.1081, -3.6031, -43.5041],
    [-1.9790, 45.0543, -3.5589, -43.5041],
    [-1.9418, 45.1563, -3.6390, -43.5041],
    [-1.8244, 44.1828, -2.8617, -43.5041],
    [-1.8244, 44.3383, -2.9842, -43.5041],
    [-1.9017, 44.4418, -3.0688, -43.5041],
    [-1.9017, 44.5443, -3.1500, -43.5041],
    [-2.0562, 44.8502, -3.3981, -43.5041],
    [-2.0963, 45.1093, -3.6069, -43.5041],
    [-2.2107, 45.4189, -3.8597, -43.5041],
    [-2.2879, 45.5230, -3.9475, -43.5041],
    [-2.2879, 45.6752, -4.0702, -43.5041],
    [-2.4023, 45.9320, -4.2827, -43.5041],
    [-2.2879, 45.6218, -4.0265, -43.5041],
    [-2.2879, 45.5231, -3.9475, -43.5041],
    [-2.3251, 45.4705, -3.9069, -43.5041],
    [-2.2879, 45.4698, -3.9047, -43.5041],
    [-2.2107, 45.3658, -3.8177, -43.5041],
    [-2.1735, 45.2132, -3.6936, -43.5041],
    [-2.0963, 45.1093, -3.6073, -43.5041],
    [-2.0562, 44.8010, -3.3591, -43.5041],
    [-1.9790, 44.6973, -3.2742, -43.5041],
    [-1.9017, 44.4418, -3.0684, -43.5041],
    [-1.8244, 44.3383, -2.9842, -43.5041],
    [1.8012, 45.0021, -3.5108, -43.5041],
    [1.8384, 45.0028, -3.5127, -43.5041],
    [2.1074, 45.4174, -3.8550, -43.5041],
    [2.1074, 45.5200, -3.9375, -43.5041],
    [2.2618, 45.9294, -4.2736, -43.5041],
    [2.3791, 46.0877, -4.4084, -43.5041],
    [2.4935, 46.3944, -4.6633, -43.5041],
    [2.4935, 46.4974, -4.7482, -43.5041],
    [2.5707, 46.6018, -4.8374, -43.5041],
    [2.5707, 46.7047, -4.9219, -43.5041],
    [2.6850, 47.0158, -5.1830, -43.5041],
    [2.6850, 47.3249, -5.4390, -43.5041],
    [2.7251, 47.3755, -5.4837, -43.5041],
    [2.7250, 48.3540, -6.3027, -43.5041],
    [2.6850, 48.4067, -6.3451, -43.5041],
    [2.6850, 48.6632, -6.5616, -43.5041],
    [2.6479, 48.7161, -6.6051, -43.5041],
    [2.6078, 49.1252, -6.9501, -43.5041],
    [2.5707, 49.1784, -6.9948, -43.5041],
    [2.5707, 49.3855, -7.1718, -43.5041],
    [2.5307, 49.4346, -7.2123, -43.5041],
    [2.5707, 49.5390, -7.3038, -43.5041],
    [2.5307, 49.5882, -7.3442, -43.5041],
    [2.5307, 49.6918, -7.4334, -43.5041],
    [2.6079, 49.7471, -7.4848, -43.5041],
    [2.6479, 49.6941, -7.4412, -43.5041],
    [2.7622, 49.6964, -7.4489, -43.5041],
    [2.9165, 49.5960, -7.3705, -43.5041],
    [3.0708, 49.3422, -7.1611, -43.5041],
    [3.1079, 49.1898, -7.0333, -43.5041],
    [3.1079, 49.2934, -7.1220, -43.5041],
    [2.9565, 49.5967, -7.3729, -43.5041],
    [2.8022, 49.6473, -7.4086, -43.5041],
    [2.7622, 49.6964, -7.4490, -43.5041],
    [2.6479, 49.6941, -7.4410, -43.5041],
    [2.5707, 49.7963, -7.5253, -43.5041],
    [2.4563, 50.4170, -8.0582, -43.5041],
    [2.3791, 50.5696, -8.1875, -43.5041],
    [2.3791, 50.6736, -8.2786, -43.5041],
    [2.2618, 50.9834, -8.5444, -43.5041],
    [2.0301, 51.3421, -8.8504, -43.5041],
    [2.0301, 51.3965, -8.8999, -43.5041],
    [1.8785, 51.6027, -9.0764, -43.5041],
    [1.8785, 51.8114, -9.2621, -43.5041],
    [1.8384, 51.8611, -9.3052, -43.5041],
    [1.8384, 52.3288, -9.7217, -43.5041],
    [2.1074, 53.0656, -10.3976, -43.5041],
    [2.1074, 53.1704, -10.4926, -43.5041],
    [1.8384, 53.1662, -10.4783, -43.5041],
    [2.0702, 53.1696, -10.4901, -43.5041],
    [2.1074, 53.1161, -10.4434, -43.5041],
    [1.8384, 52.3834, -9.7722, -43.5041],
    [1.8384, 51.8607, -9.3031, -43.5041],
    [1.8785, 51.8114, -9.2624, -43.5041],
    [1.8785, 51.6028, -9.0767, -43.5041],
    [1.9157, 51.4991, -8.9863, -43.5041],
    [2.2618, 50.9335, -8.5013, -43.5041],
    [2.4935, 50.2638, -7.9267, -43.5041],
    [2.4935, 50.1061, -7.7896, -43.5041],
    [2.5307, 50.0569, -7.7488, -43.5041],
    [2.5307, 49.8993, -7.6123, -43.5041],
    [2.5707, 49.8501, -7.5719, -43.5041],
    [2.5707, 49.7464, -7.4824, -43.5041],
    [2.5307, 49.6919, -7.4335, -43.5041],
    [2.5307, 49.4346, -7.2119, -43.5041],
    [2.5707, 49.3855, -7.1721, -43.5041],
    [2.5707, 49.1783, -6.9945, -43.5041],
    [2.6078, 49.1254, -6.9514, -43.5041],
    [2.6078, 48.9183, -6.7746, -43.5041],
    [2.6479, 48.8694, -6.7352, -43.5041],
    [2.6479, 48.7161, -6.6049, -43.5041],
    [2.6850, 48.6632, -6.5621, -43.5041],
    [2.6850, 48.4067, -6.3446, -43.5041],
    [2.7251, 48.3540, -6.3026, -43.5041],
    [2.7250, 47.3755, -5.4837, -43.5041],
    [2.6850, 47.3250, -5.4397, -43.5041],
    [2.6850, 47.0158, -5.1832, -43.5041],
    [2.6479, 46.9656, -5.1405, -43.5041],
    [2.6479, 46.8626, -5.0556, -43.5041],
    [2.5707, 46.6551, -4.8809, -43.5041],
    [2.4935, 46.5508, -4.7918, -43.5041],
    [2.4935, 46.4479, -4.7077, -43.5041],
    [2.3791, 46.1372, -4.4481, -43.5041],
    [2.2618, 45.9829, -4.3180, -43.5041],
    [2.1074, 45.5692, -3.9759, -43.5041],
    [2.1074, 45.4668, -3.8947, -43.5041],
    [-1.0171, 44.4317, -3.0364, -43.5041],
    [-1.0171, 44.5343, -3.1176, -43.5041],
    [-1.0944, 44.6867, -3.2400, -43.5041],
    [-1.0944, 44.7893, -3.3217, -43.5041],
    [-1.1316, 44.7896, -3.3228, -43.5041],
    [-1.0944, 44.7361, -3.2794, -43.5041],
    [-1.0944, 44.6374, -3.2009, -43.5041],
    [-0.4385, 43.6626, -2.4239, -43.5041],
    [-0.5903, 43.8677, -2.5853, -43.5041],
    [-0.5903, 43.9664, -2.6632, -43.5041],
    [-0.6676, 44.0691, -2.7447, -43.5041],
    [-0.7077, 44.0694, -2.7456, -43.5041],
    [-0.5903, 43.9170, -2.6242, -43.5041],
    [-0.5531, 43.7653, -2.5051, -43.5041],
    [-0.4757, 43.6627, -2.4242, -43.5041],
    [2.0301, 43.6249, -2.4318, -43.5041],
    [2.0702, 43.6256, -2.4339, -43.5041],
    [2.2247, 43.8327, -2.6016, -43.5041],
    [2.2618, 43.9850, -2.7230, -43.5041],
    [2.4163, 44.1432, -2.8540, -43.5041],
    [2.4563, 44.4512, -3.0986, -43.5041],
    [2.5707, 44.6053, -3.2265, -43.5041],
    [2.6850, 44.9150, -3.4782, -43.5041],
    [2.8394, 45.1728, -3.6924, -43.5041],
    [2.9565, 45.5364, -3.9906, -43.5041],
    [3.0337, 45.6373, -4.0772, -43.5041],
    [3.1079, 45.8444, -4.2488, -43.5041],
    [3.1079, 45.9472, -4.3324, -43.5041],
    [2.9937, 45.5868, -4.0333, -43.5041],
    [2.9165, 45.4825, -3.9458, -43.5041],
    [2.7250, 44.9654, -3.5212, -43.5041],
    [2.6479, 44.8612, -3.4340, -43.5041],
    [2.5707, 44.6584, -3.2687, -43.5041],
    [2.4563, 44.5006, -3.1381, -43.5041],
    [2.4163, 44.1925, -2.8926, -43.5041],
    [2.3019, 44.0388, -2.7668, -43.5041],
    [2.2618, 44.0381, -2.7648, -43.5041],
    [2.2618, 43.9358, -2.6844, -43.5041],
    [0.1402, 43.5596, -2.3419, -43.5041],
    [0.2175, 43.6620, -2.4219, -43.5041],
    [0.3722, 43.6623, -2.4229, -43.5041],
    [0.3722, 43.6623, -2.4232, -43.5041],
    [0.2176, 43.6619, -2.4218, -43.5041],
    [0.1402, 43.6088, -2.3802, -43.5041],
    [0.1803, 42.8970, -1.8285, -43.5041],
    [0.1803, 43.1997, -2.0618, -43.5041],
    [0.0256, 43.3018, -2.1410, -43.5041],
    [-0.0116, 43.6087, -2.3793, -43.5041],
    [-0.0517, 43.6618, -2.4215, -43.5041],
    [-0.1291, 43.6618, -2.4216, -43.5041],
    [-0.2437, 43.8136, -2.5404, -43.5041],
    [-0.3984, 43.8670, -2.5832, -43.5041],
    [-0.4757, 44.0190, -2.7032, -43.5041],
    [-0.4757, 44.1214, -2.7838, -43.5041],
    [-0.7077, 44.2739, -2.9061, -43.5041],
    [-0.7077, 44.3766, -2.9877, -43.5041],
    [-0.7851, 44.5819, -3.1511, -43.5041],
    [-0.8996, 44.7345, -3.2742, -43.5041],
    [-0.8996, 44.7878, -3.3168, -43.5041],
    [-1.1316, 45.0438, -3.5246, -43.5041],
    [-1.1316, 45.1467, -3.6078, -43.5041],
    [-1.2089, 45.3526, -3.7743, -43.5041],
    [-1.4008, 45.6091, -3.9852, -43.5041],
    [-1.6327, 46.2819, -4.5385, -43.5041],
    [-1.6727, 46.2824, -4.5402, -43.5041],
    [-1.4008, 45.5599, -3.9463, -43.5041],
    [-1.2462, 45.4061, -3.8182, -43.5041],
    [-1.1316, 45.0971, -3.5674, -43.5041],
    [-1.1316, 44.9947, -3.4862, -43.5041],
    [-1.0543, 44.9408, -3.4416, -43.5041],
    [-0.8997, 44.7345, -3.2740, -43.5041],
    [-0.8996, 44.6853, -3.2353, -43.5041],
    [-0.7851, 44.5326, -3.1121, -43.5041],
    [-0.7077, 44.2741, -2.9064, -43.5041],
    [-0.5531, 44.1216, -2.7844, -43.5041],
    [-0.5158, 44.1215, -2.7844, -43.5041],
    [-0.4757, 44.0683, -2.7421, -43.5041],
    [-0.4757, 43.9659, -2.6616, -43.5041],
    [-0.3611, 43.8138, -2.5413, -43.5041],
    [-0.2838, 43.8137, -2.5409, -43.5041],
    [-0.1663, 43.6618, -2.4215, -43.5041],
    [-0.0890, 43.6618, -2.4215, -43.5041],
    [-0.0116, 43.5595, -2.3415, -43.5041],
    [0.0256, 43.3019, -2.1408, -43.5041],
    [0.1803, 43.1505, -2.0239, -43.5041],
    [-1.5182, 42.7509, -1.7376, -43.5041],
    [-1.6727, 42.9079, -1.8627, -43.5041],
    [-1.7099, 42.9085, -1.8648, -43.5041],
    [-2.0190, 43.3180, -2.1925, -43.5041],
    [-1.9418, 43.4190, -2.2679, -43.5041],
    [-1.9790, 43.4196, -2.2699, -43.5041],
    [-2.0190, 43.3180, -2.1924, -43.5041],
    [-1.9790, 43.2151, -2.1111, -43.5041],
    [-1.7472, 42.9087, -1.8651, -43.5041],
    [0.7590, 42.7440, -1.7159, -43.5041],
    [0.8363, 42.7445, -1.7174, -43.5041],
    [1.1456, 42.9509, -1.8809, -43.5041],
    [0.9909, 42.9007, -1.8401, -43.5041],
    [0.1402, 42.5906, -1.5928, -43.5041],
    [0.2175, 42.6398, -1.6308, -43.5041],
    [0.2949, 43.1014, -1.9853, -43.5041],
    [0.3722, 43.1510, -2.0256, -43.5041],
    [0.3722, 43.3025, -2.1429, -43.5041],
    [0.2577, 43.4044, -2.2213, -43.5041],
    [0.8735, 43.8164, -2.5496, -43.5041],
    [1.0282, 43.8174, -2.5530, -43.5041],
    [1.0683, 43.8709, -2.5959, -43.5041],
    [1.1456, 43.8716, -2.5980, -43.5041],
    [1.3375, 44.1765, -2.8412, -43.5041],
    [1.3747, 44.1772, -2.8436, -43.5041],
    [1.5293, 44.3343, -2.9714, -43.5041],
    [1.5293, 44.4369, -3.0528, -43.5041],
    [1.6466, 44.5901, -3.1775, -43.5041],
    [1.6838, 44.5906, -3.1794, -43.5041],
    [1.8384, 44.8470, -3.3877, -43.5041],
    [1.9929, 44.9518, -3.4773, -43.5041],
    [2.0702, 45.2114, -3.6877, -43.5041],
    [1.9929, 45.0051, -3.5197, -43.5041],
    [1.9157, 44.9014, -3.4343, -43.5041],
    [1.8012, 44.8465, -3.3866, -43.5041],
    [1.8012, 44.7972, -3.3474, -43.5041],
    [1.5293, 44.4859, -3.0904, -43.5041],
    [1.5293, 44.3838, -3.0108, -43.5041],
    [1.2602, 44.1264, -2.7996, -43.5041],
    [1.2601, 44.0243, -2.7204, -43.5041],
    [1.2229, 43.9709, -2.6776, -43.5041],
    [1.1828, 43.9705, -2.6764, -43.5041],
    [1.1055, 43.8712, -2.5968, -43.5041],
    [0.7590, 43.7659, -2.5071, -43.5041],
    [0.6816, 43.6636, -2.4272, -43.5041],
    [0.6043, 43.6632, -2.4260, -43.5041],
    [0.4897, 43.5604, -2.3444, -43.5041],
    [0.4123, 43.5601, -2.3437, -43.5041],
    [0.3350, 43.4576, -2.2633, -43.5041],
    [0.2176, 43.4043, -2.2212, -43.5041],
    [0.2577, 43.3552, -2.1833, -43.5041],
    [0.3350, 43.3554, -2.1838, -43.5041],
    [0.3722, 43.3025, -2.1430, -43.5041],
    [0.3722, 43.2002, -2.0637, -43.5041],
    [0.2949, 43.1016, -1.9868, -43.5041],
    [0.2176, 42.6926, -1.6702, -43.5041],
    [-0.1663, 42.3335, -1.3962, -43.5041],
    [-0.0890, 42.3334, -1.3959, -43.5041],
    [-0.0116, 42.4354, -1.4737, -43.5041],
    [-0.0116, 42.5375, -1.5519, -43.5041],
    [0.0657, 42.6396, -1.6302, -43.5041],
    [-0.0116, 42.5905, -1.5925, -43.5041],
    [-0.0116, 42.4884, -1.5143, -43.5041],
    [-0.1291, 42.3334, -1.3957, -43.5041],
    [-0.1663, 42.3864, -1.4366, -43.5041],
    [-0.1291, 42.4884, -1.5145, -43.5041],
    [-0.1291, 42.7947, -1.7489, -43.5041],
    [-0.1291, 42.8440, -1.7875, -43.5041],
    [-0.1663, 42.8440, -1.7876, -43.5041],
    [-0.1291, 42.7948, -1.7496, -43.5041],
    [-0.1291, 42.4884, -1.5139, -43.5041],
    [-0.1663, 42.4356, -1.4742, -43.5041],
    [-1.2862, 42.1888, -1.3014, -43.5041],
    [-1.4781, 42.2437, -1.3479, -43.5041],
    [-1.5554, 42.3430, -1.4261, -43.5041],
    [-1.7100, 42.3978, -1.4727, -43.5041],
    [-1.8645, 42.5512, -1.5951, -43.5041],
    [-1.7472, 42.3984, -1.4743, -43.5041],
    [-1.6727, 42.3974, -1.4713, -43.5041],
    [-1.4008, 42.1897, -1.3040, -43.5041],
    [0.9909, 41.8801, -1.0606, -43.5041],
    [1.0683, 41.9336, -1.1026, -43.5041],
    [1.2601, 41.9352, -1.1078, -43.5041],
    [1.2974, 41.9849, -1.1467, -43.5041],
    [1.5293, 42.0402, -1.1944, -43.5041],
    [1.6066, 42.1433, -1.2755, -43.5041],
    [1.6838, 42.1444, -1.2788, -43.5041],
    [2.1474, 42.4538, -1.5317, -43.5041],
    [2.2618, 42.6107, -1.6564, -43.5041],
    [2.1074, 42.4530, -1.5291, -43.5041],
    [1.4147, 41.9862, -1.1507, -43.5041],
    [1.2974, 41.9848, -1.1466, -43.5041],
    [1.2601, 41.9354, -1.1083, -43.5041],
    [1.0683, 41.9335, -1.1022, -43.5041],
    [-0.2064, 41.3176, -0.6279, -43.5041],
    [-0.2437, 41.3705, -0.6677, -43.5041],
    [-0.2437, 41.5214, -0.7810, -43.5041],
    [-0.3210, 41.5216, -0.7816, -43.5041],
    [-0.4385, 41.4200, -0.7060, -43.5041],
    [-0.5903, 41.5225, -0.7844, -43.5041],
    [-0.6304, 41.4737, -0.7485, -43.5041],
    [-0.7077, 41.5232, -0.7866, -43.5041],
    [-0.8624, 41.5241, -0.7895, -43.5041],
    [-0.8996, 41.5735, -0.8275, -43.5041],
    [-1.0543, 41.6275, -0.8708, -43.5041],
    [-1.1316, 41.7302, -0.9500, -43.5041],
    [-1.2462, 41.7313, -0.9534, -43.5041],
    [-1.4008, 41.8348, -1.0354, -43.5041],
    [-1.4781, 41.9378, -1.1156, -43.5041],
    [-1.5955, 41.9883, -1.1574, -43.5041],
    [-1.6727, 42.0913, -1.2380, -43.5041],
    [-1.7099, 42.0918, -1.2397, -43.5041],
    [-2.2507, 42.8148, -1.8130, -43.5041],
    [-2.3251, 43.0204, -1.9744, -43.5041],
    [-2.5196, 43.3267, -2.2199, -43.5041],
    [-2.6740, 43.7389, -2.5482, -43.5041],
    [-2.6739, 43.8414, -2.6298, -43.5041],
    [-2.7883, 44.0977, -2.8364, -43.5041],
    [-2.8283, 44.4058, -3.0814, -43.5041],
    [-2.8654, 44.4598, -3.1268, -43.5041],
    [-2.9054, 44.7642, -3.3699, -43.5041],
    [-2.9426, 44.8183, -3.4156, -43.5041],
    [-2.9426, 45.0726, -3.6181, -43.5041],
    [-2.9797, 45.1267, -3.6639, -43.5041],
    [-2.9797, 46.4048, -4.6977, -43.5041],
    [-2.9426, 46.4573, -4.7385, -43.5041],
    [-2.9426, 46.8154, -5.0315, -43.5041],
    [-2.7883, 46.9150, -5.1057, -43.5041],
    [-2.7111, 47.0164, -5.1856, -43.5041],
    [-2.7511, 47.1203, -5.2735, -43.5041],
    [-2.7883, 47.1211, -5.2762, -43.5041],
    [-2.9426, 47.3304, -5.4574, -43.5041],
    [-2.9426, 47.3305, -5.4581, -43.5041],
    [-2.8654, 47.1723, -5.3225, -43.5041],
    [-2.7111, 47.0698, -5.2295, -43.5041],
    [-2.8655, 46.8671, -5.0702, -43.5041],
    [-2.9797, 46.8697, -5.0791, -43.5041],
    [-2.9426, 46.8155, -5.0325, -43.5041],
    [-3.0969, 46.6665, -4.9185, -43.5041],
    [-3.2111, 46.6694, -4.9279, -43.5041],
    [-3.2511, 46.6170, -4.8875, -43.5041],
    [-3.3653, 46.6199, -4.8969, -43.5041],
    [-3.4053, 46.5714, -4.8599, -43.5041],
    [-3.5965, 46.5765, -4.8764, -43.5041],
    [-3.6336, 46.6272, -4.9208, -43.5041],
    [-3.5965, 46.6795, -4.9612, -43.5041],
    [-3.4823, 46.6763, -4.9508, -43.5041],
    [-3.3653, 46.7761, -5.0252, -43.5041],
    [-3.2882, 46.7742, -5.0189, -43.5041],
    [-3.1340, 46.9228, -5.1315, -43.5041],
    [-3.1740, 46.9239, -5.1352, -43.5041],
    [-3.3282, 46.7751, -5.0218, -43.5041],
    [-3.4053, 46.7772, -5.0288, -43.5041],
    [-3.5194, 46.6773, -4.9540, -43.5041],
    [-3.5965, 46.6795, -4.9612, -43.5041],
    [-3.6336, 46.6272, -4.9208, -43.5041],
    [-3.5965, 46.5233, -4.8330, -43.5041],
    [-3.5565, 46.5755, -4.8732, -43.5041],
    [-3.4053, 46.5714, -4.8596, -43.5041],
    [-3.3653, 46.6199, -4.8971, -43.5041],
    [-3.2511, 46.6170, -4.8874, -43.5041],
    [-3.2111, 46.6694, -4.9280, -43.5041],
    [-3.0969, 46.6666, -4.9188, -43.5041],
    [-3.0569, 46.7152, -4.9565, -43.5041],
    [-2.9797, 46.7134, -4.9506, -43.5041],
    [-2.9426, 46.6631, -4.9071, -43.5041],
    [-2.9426, 46.4573, -4.7382, -43.5041],
    [-2.9797, 46.4048, -4.6977, -43.5041],
    [-2.9797, 45.1267, -3.6639, -43.5041],
    [-2.9426, 45.0727, -3.6186, -43.5041],
    [-2.9426, 44.8182, -3.4151, -43.5041],
    [-2.9054, 44.7643, -3.3706, -43.5041],
    [-2.9054, 44.6125, -3.2498, -43.5041],
    [-2.8283, 44.4058, -3.0817, -43.5041],
    [-2.8283, 44.2542, -2.9621, -43.5041],
    [-2.7111, 43.9444, -2.7117, -43.5041],
    [-2.6739, 43.6898, -2.5108, -43.5041],
    [-2.5196, 43.2776, -2.1814, -43.5041],
    [-2.3251, 42.9673, -1.9327, -43.5041],
    [-2.2507, 42.7618, -1.7719, -43.5041],
    [-1.7472, 42.0924, -1.2414, -43.5041],
    [-1.7099, 42.0918, -1.2397, -43.5041],
    [-1.6327, 41.9888, -1.1589, -43.5041],
    [-1.5182, 41.9382, -1.1171, -43.5041],
    [-1.3636, 41.7815, -0.9940, -43.5041],
    [-1.1689, 41.7304, -0.9507, -43.5041],
    [-1.0171, 41.5743, -0.8299, -43.5041],
    [-0.7078, 41.5228, -0.7855, -43.5041],
    [-0.6676, 41.4739, -0.7491, -43.5041],
    [-0.5903, 41.5226, -0.7847, -43.5041],
    [-0.4385, 41.4200, -0.7059, -43.5041],
    [-0.2838, 41.5214, -0.7811, -43.5041],
    [-0.2437, 41.4724, -0.7442, -43.5041],
    [-0.2838, 41.3177, -0.6282, -43.5041],
    [-0.2437, 41.3705, -0.6677, -43.5041],
    [0.1029, 41.2679, -0.5892, -43.5041],
    [0.0256, 41.3702, -0.6668, -43.5041],
    [-0.0890, 41.3702, -0.6669, -43.5041],
    [-0.1663, 41.4194, -0.7041, -43.5041],
    [-0.1291, 41.3703, -0.6672, -43.5041],
    [-0.0116, 41.3702, -0.6668, -43.5041],
    [0.1803, 41.3174, -0.6273, -43.5041],
    [0.2577, 41.3176, -0.6281, -43.5041],
    [0.4124, 41.2161, -0.5528, -43.5041],
    [0.4496, 41.2692, -0.5931, -43.5041],
    [0.8735, 41.2714, -0.6002, -43.5041],
    [0.9136, 41.3208, -0.6378, -43.5041],
    [1.0282, 41.3216, -0.6405, -43.5041],
    [1.2601, 41.4783, -0.7626, -43.5041],
    [1.4520, 41.5295, -0.8064, -43.5041],
    [1.6839, 41.6834, -0.9289, -43.5041],
    [1.7611, 41.7866, -1.0099, -43.5041],
    [1.8785, 41.8411, -1.0552, -43.5041],
    [1.9529, 41.9443, -1.1361, -43.5041],
    [2.1074, 42.0487, -1.2211, -43.5041],
    [2.2247, 42.2019, -1.3424, -43.5041],
    [2.2618, 42.2026, -1.3448, -43.5041],
    [2.6850, 42.7704, -1.7992, -43.5041],
    [2.6850, 42.8234, -1.8399, -43.5041],
    [2.9166, 43.2329, -2.1670, -43.5041],
    [3.1079, 43.7490, -2.5814, -43.5041],
    [3.1079, 43.8513, -2.6614, -43.5041],
    [3.1851, 43.9555, -2.7476, -43.5041],
    [3.1851, 44.1071, -2.8667, -43.5041],
    [3.2250, 44.1612, -2.9119, -43.5041],
    [3.2250, 44.2636, -2.9925, -43.5041],
    [3.2622, 44.3138, -3.0345, -43.5041],
    [3.2622, 44.4162, -3.1153, -43.5041],
    [3.3393, 44.6230, -3.2837, -43.5041],
    [3.3792, 45.1363, -3.6939, -43.5041],
    [3.4163, 45.1870, -3.7387, -43.5041],
    [3.4163, 46.2137, -4.5683, -43.5041],
    [3.3792, 46.2623, -4.6054, -43.5041],
    [3.3792, 46.5174, -4.8135, -43.5041],
    [3.3393, 46.5697, -4.8542, -43.5041],
    [3.3392, 46.8784, -5.1072, -43.5041],
    [3.3021, 46.9805, -5.1896, -43.5041],
    [3.2622, 46.9795, -5.1864, -43.5041],
    [3.1479, 47.1292, -5.3028, -43.5041],
    [3.1479, 47.3353, -5.4736, -43.5041],
    [3.0708, 47.5396, -5.6388, -43.5041],
    [3.0708, 47.4366, -5.5534, -43.5041],
    [3.1079, 47.3840, -5.5119, -43.5041],
    [3.1079, 47.2809, -5.4263, -43.5041],
    [3.1479, 47.2323, -5.3884, -43.5041],
    [3.1851, 47.0271, -5.2207, -43.5041],
    [3.3393, 46.8783, -5.1075, -43.5041],
    [3.3392, 46.5696, -4.8536, -43.5041],
    [3.3792, 46.5174, -4.8139, -43.5041],
    [3.3792, 46.2622, -4.6050, -43.5041],
    [3.4163, 46.2137, -4.5683, -43.5041],
    [3.4163, 45.1870, -3.7387, -43.5041],
    [3.3792, 45.1366, -3.6959, -43.5041],
    [3.3393, 44.6229, -3.2822, -43.5041],
    [3.3021, 44.5728, -3.2419, -43.5041],
    [3.3021, 44.4704, -3.1607, -43.5041],
    [3.2622, 44.4162, -3.1154, -43.5041],
    [3.1851, 44.0047, -2.7852, -43.5041],
    [2.9165, 43.2863, -2.2100, -43.5041],
    [2.8394, 43.1823, -2.1251, -43.5041],
    [2.6851, 42.8232, -1.8388, -43.5041],
    [2.2246, 42.2020, -1.3428, -43.5041],
    [2.1846, 42.2012, -1.3405, -43.5041],
    [2.0702, 42.0481, -1.2192, -43.5041],
    [2.0301, 42.0475, -1.2174, -43.5041],
    [1.8384, 41.8404, -1.0528, -43.5041],
    [1.7239, 41.7860, -1.0083, -43.5041],
    [1.6466, 41.6831, -0.9281, -43.5041],
    [1.3375, 41.4789, -0.7645, -43.5041],
    [1.2601, 41.4785, -0.7634, -43.5041],
    [1.1456, 41.3755, -0.6832, -43.5041],
    [0.9136, 41.3205, -0.6371, -43.5041],
    [0.8735, 41.2714, -0.6001, -43.5041],
    [0.4496, 41.2692, -0.5931, -43.5041],
    [0.4123, 41.2162, -0.5531, -43.5041],
    [0.3722, 41.2689, -0.5923, -43.5041],
    [0.2949, 41.2687, -0.5916, -43.5041],
    [0.1803, 41.4194, -0.7039, -43.5041],
    [0.2175, 41.3704, -0.6675, -43.5041],
    [0.0256, 41.1663, -0.5136, -43.5041],
    [-0.3210, 41.1664, -0.5142, -43.5041],
    [-0.3611, 41.2160, -0.5527, -43.5041],
    [-0.3611, 41.1670, -0.5160, -43.5041],
