    [9.6830, 34.6266, 3.1735, -26.6322],
    [9.7767, 34.7587, 3.0685, -26.6322],
    [9.8685, 34.7672, 3.0448, -26.6322],
    [9.8685, 34.8896, 2.9639, -26.6322],
    [9.9602, 35.0243, 2.8567, -26.6322],
    [9.9602, 35.1467, 2.7752, -26.6322],
    [9.9602, 35.2691, 2.6936, -26.6322],
    [9.9602, 35.3953, 2.6093, -26.6322],
    [9.9602, 35.5178, 2.5273, -26.6322],
    [9.9602, 35.6403, 2.4451, -26.6322],
    [9.9602, 35.7665, 2.3601, -26.6322],
    [9.9602, 35.8891, 2.2774, -26.6322],
    [9.9602, 36.0117, 2.1945, -26.6322],
    [9.9602, 36.1380, 2.1089, -26.6322],
    [9.9602, 36.2607, 2.0255, -26.6322],
    [9.9602, 36.3833, 1.9420, -26.6322],
    [9.9602, 36.5097, 1.8556, -26.6322],
    [9.9602, 36.6325, 1.7716, -26.6322],
    [9.9602, 36.7552, 1.6874, -26.6322],
    [9.9602, 36.8817, 1.6004, -26.6322],
    [9.9602, 37.0045, 1.5157, -26.6322],
    [9.9602, 37.1274, 1.4308, -26.6322],
    [9.9602, 37.2540, 1.3431, -26.6322],
    [9.9602, 37.3769, 1.2577, -26.6322],
    [9.9602, 37.4998, 1.1721, -26.6322],
    [9.9602, 37.6264, 1.0837, -26.6322],
    [9.9602, 37.7494, 0.9977, -26.6322],
    [9.9602, 37.8724, 0.9115, -26.6322],
    [9.9602, 37.9992, 0.8224, -26.6322],
    [9.9602, 38.1222, 0.7357, -26.6322],
    [9.9602, 38.2453, 0.6488, -26.6322],
    [9.9602, 38.3722, 0.5590, -26.6322],
    [9.9602, 38.4953, 0.4716, -26.6322],
    [9.9602, 38.6185, 0.3840, -26.6322],
    [9.9602, 38.7454, 0.2935, -26.6322],
    [9.9602, 38.8686, 0.2055, -26.6322],
    [9.9602, 38.9919, 0.1172, -26.6322],
    [9.9602, 39.1189, 0.0260, -26.6322],
    [9.9602, 39.2422, -0.0627, -26.6322],
    [9.9602, 39.3656, -0.1517, -26.6322],
    [9.9602, 39.4927, -0.2435, -26.6322],
    [9.9602, 39.6161, -0.3330, -26.6322],
    [9.9602, 39.7395, -0.4226, -26.6322],
    [9.9602, 39.8667, -0.5152, -26.6322],
    [9.9602, 39.9902, -0.6053, -26.6322],
    [9.9602, 40.1137, -0.6956, -26.6322],
    [9.9602, 40.2410, -0.7889, -26.6322],
    [9.9602, 40.3646, -0.8796, -26.6322],
    [9.9602, 40.4882, -0.9706, -26.6322],
    [9.9602, 40.6156, -1.0646, -26.6322],
    [9.9602, 40.7392, -1.1561, -26.6322],
    [9.9602, 40.8629, -1.2478, -26.6322],
    [9.9602, 40.9904, -1.3425, -26.6322],
    [9.9602, 41.1142, -1.4346, -26.6322],
    [9.9602, 41.2380, -1.5270, -26.6322],
    [9.9602, 41.3655, -1.6224, -26.6322],
    [9.9602, 41.4894, -1.7153, -26.6322],
    [9.9602, 41.6133, -1.8083, -26.6322],
    [9.9602, 41.7409, -1.9045, -26.6322],
    [9.9602, 41.8649, -1.9980, -26.6322],
    [9.9602, 41.9888, -2.0918, -26.6322],
    [9.9602, 42.1166, -2.1886, -26.6322],
    [9.9602, 42.2406, -2.2828, -26.6322],
    [9.9602, 42.3647, -2.3773, -26.6322],
    [9.9602, 42.4926, -2.4749, -26.6322],
    [9.9602, 42.6167, -2.5698, -26.6322],
    [9.9602, 42.7409, -2.6650, -26.6322],
    [9.9602, 42.8688, -2.7632, -26.6322],
    [9.9602, 42.9930, -2.8589, -26.6322],
    [9.9602, 43.1173, -2.9547, -26.6322],
    [9.9602, 43.2454, -3.0538, -26.6322],
    [9.9602, 43.3697, -3.1501, -26.6322],
    [9.9602, 43.4941, -3.2467, -26.6322],
    [9.9602, 43.6222, -3.3464, -26.6322],
    [9.9602, 43.7467, -3.4435, -26.6322],
    [9.9602, 43.8711, -3.5407, -26.6322],
    [9.9602, 43.9994, -3.6412, -26.6322],
    [9.9602, 44.1239, -3.7390, -26.6322],
    [9.9602, 44.2485, -3.8370, -26.6322],
    [9.9602, 44.3769, -3.9382, -26.6322],
    [9.9602, 44.5015, -4.0366, -26.6322],
    [9.9602, 44.6262, -4.1354, -26.6322],
    [9.9602, 44.7547, -4.2373, -26.6322],
    [9.9602, 44.8794, -4.3365, -26.6322],
    [9.9602, 45.0042, -4.4359, -26.6322],
    [9.9602, 45.1328, -4.5386, -26.6322],
    [9.9602, 45.2577, -4.6385, -26.6322],
    [9.9602, 45.3826, -4.7387, -26.6322],
    [9.9602, 45.5113, -4.8421, -26.6322],
    [9.9602, 45.6363, -4.9427, -26.6322],
    [9.9602, 45.7613, -5.0436, -26.6322],
    [9.9602, 45.8901, -5.1478, -26.6322],
    [9.9602, 46.0152, -5.2492, -26.6322],
    [9.9602, 46.1403, -5.3508, -26.6322],
    [9.9602, 46.2693, -5.4557, -26.6322],
    [9.9602, 46.3945, -5.5578, -26.6322],
    [9.9602, 46.5197, -5.6602, -26.6322],
    [9.9602, 46.6488, -5.7659, -26.6322],
    [9.9602, 46.7741, -5.8687, -26.6322],
    [9.9602, 46.8995, -5.9718, -26.6322],
    [9.9602, 47.0287, -6.0782, -26.6322],
    [9.9602, 47.1541, -6.1818, -26.6322],
    [9.9602, 47.2796, -6.2857, -26.6322],
    [9.9602, 47.4089, -6.3929, -26.6322],
    [9.9602, 47.5345, -6.4972, -26.6322],
    [9.9602, 47.6601, -6.6018, -26.6322],
    [9.9602, 47.7896, -6.7098, -26.6322],
    [9.9602, 47.9153, -6.8149, -26.6322],
    [9.9602, 48.0410, -6.9202, -26.6322],
    [9.9602, 48.1706, -7.0290, -26.6322],
    [9.9602, 48.2965, -7.1348, -26.6322],
    [9.9602, 48.4223, -7.2409, -26.6322],
    [9.9602, 48.5521, -7.3504, -26.6322],
    [9.9602, 48.6780, -7.4570, -26.6322],
    [9.9602, 48.8040, -7.5639, -26.6322],
    [9.9602, 48.9339, -7.6742, -26.6322],
    [9.9602, 49.0600, -7.7816, -26.6322],
    [9.9602, 49.1862, -7.8892, -26.6322],
    [9.9602, 49.3162, -8.0003, -26.6322],
    [9.9602, 49.4424, -8.1085, -26.6322],
    [9.9602, 49.5687, -8.2168, -26.6322],
    [9.9602, 49.6989, -8.3288, -26.6322],
    [9.9602, 49.8253, -8.4377, -26.6322],
    [9.9602, 49.9517, -8.5468, -26.6322],
    [9.9602, 50.0820, -8.6596, -26.6322],
    [9.9602, 50.2085, -8.7693, -26.6322],
    [9.9602, 50.3351, -8.8792, -26.6322],
    [9.9602, 50.4656, -8.9928, -26.6322],
    [9.9602, 50.5923, -9.1032, -26.6322],
    [9.9602, 50.7190, -9.2140, -26.6322],
    [9.9602, 50.8497, -9.3283, -26.6322],
    [9.9602, 50.9765, -9.4396, -26.6322],
    [9.9602, 51.1034, -9.5511, -26.6322],
    [9.9602, 51.2342, -9.6663, -26.6322],
    [9.9602, 51.3612, -9.7784, -26.6322],
    [9.9602, 51.4883, -9.8907, -26.6322],
    [9.9602, 51.6192, -10.0067, -26.6322],
    [9.9602, 51.7464, -10.1196, -26.6322],
    [9.9602, 51.8736, -10.2328, -26.6322],
    [9.9602, 52.0048, -10.3496, -26.6322],
    [9.9602, 52.1321, -10.4633, -26.6322],
    [9.9602, 52.2595, -10.5772, -26.6322],
    [9.9602, 52.3908, -10.6949, -26.6322],
    [9.9602, 52.5183, -10.8094, -26.6322],
    [9.9602, 52.6459, -10.9242, -26.6322],
    [9.9602, 52.7774, -11.0427, -26.6322],
    [9.9602, 52.9051, -11.1581, -26.6322],
    [9.9602, 53.0328, -11.2737, -26.6322],
    [9.9602, 53.1645, -11.3931, -26.6322],
    [9.9602, 53.2924, -11.5093, -26.6322],
    [9.9602, 53.4203, -11.6257, -26.6322],
    [9.9602, 53.5522, -11.7459, -26.6322],
    [9.9602, 53.6803, -11.8630, -26.6322],
    [9.9602, 53.8084, -11.9802, -26.6322],
    [9.9602, 53.9404, -12.1014, -26.6322],
    [9.9602, 54.0687, -12.2192, -26.6322],
    [9.9602, 54.1970, -12.3374, -26.6322],
    [9.9602, 54.3293, -12.4594, -26.6322],
    [9.9602, 54.4577, -12.5781, -26.6322],
    [9.9602, 54.5863, -12.6971, -26.6322],
    [9.9602, 54.7187, -12.8200, -26.6322],
    [9.9602, 54.8474, -12.9396, -26.6322],
    [9.9602, 54.9761, -13.0594, -26.6322],
    [9.9602, 55.1088, -13.1832, -26.6322],
    [9.9602, 55.2377, -13.3037, -26.6322],
    [9.9602, 55.3666, -13.4244, -26.6322],
    [9.9602, 55.4995, -13.5491, -26.6322],
    [9.9602, 55.6286, -13.6705, -26.6322],
    [9.9602, 55.7578, -13.7921, -26.6322],
    [9.9602, 55.8909, -13.9177, -26.6322],
    [9.9602, 56.0202, -14.0399, -26.6322],
    [9.9602, 56.1496, -14.1625, -26.6322],
    [9.9602, 56.2829, -14.2890, -26.6322],
    [9.9602, 56.4125, -14.4121, -26.6322],
    [9.9602, 56.5421, -14.5356, -26.6322],
    [9.9602, 56.6757, -14.6630, -26.6322],
    [9.9602, 56.8054, -14.7871, -26.6322],
    [9.9602, 56.9353, -14.9114, -26.6322],
    [9.9602, 57.0691, -15.0398, -26.6322],
    [9.9602, 57.1991, -15.1648, -26.6322],
    [9.9602, 57.3292, -15.2901, -26.6322],
    [9.9602, 57.4633, -15.4194, -26.6322],
    [9.9602, 57.5936, -15.5453, -26.6322],
    [9.9602, 57.7239, -15.6715, -26.6322],
    [9.9602, 57.8582, -15.8019, -26.6322],
    [9.9602, 57.9887, -15.9287, -26.6322],
    [9.9602, 58.1193, -16.0559, -26.6322],
    [9.9602, 58.2540, -16.1872, -26.6322],
    [9.9602, 58.3847, -16.3150, -26.6322],
    [9.9602, 58.5156, -16.4431, -26.6322],
    [9.9602, 58.6505, -16.5754, -26.6322],
    [9.9602, 58.7815, -16.7042, -26.6322],
    [9.9602, 58.9126, -16.8332, -26.6322],
    [9.9602, 59.0478, -16.9665, -26.6322],
    [9.9602, 59.1791, -17.0963, -26.6322],
    [9.9602, 59.3105, -17.2263, -26.6322],
    [9.9602, 59.4460, -17.3607, -26.6322],
    [9.9602, 59.5776, -17.4914, -26.6322],
    [9.9602, 59.7092, -17.6224, -26.6322],
    [9.9602, 59.8450, -17.7578, -26.6322],
    [9.9602, 59.9769, -17.8895, -26.6322],
    [9.9602, 60.1089, -18.0216, -26.6322],
    [9.9602, 60.2449, -18.1580, -26.6322],
    [9.9602, 60.3771, -18.2907, -26.6322],
    [9.9602, 60.5094, -18.4238, -26.6322],
    [9.9602, 60.6458, -18.5612, -26.6322],
    [9.9602, 60.7783, -18.6950, -26.6322],
    [9.9602, 60.9109, -18.8291, -26.6322],
    [9.9602, 61.0476, -18.9676, -26.6322],
    [9.9602, 61.1804, -19.1024, -26.6322],
    [9.9602, 61.3133, -19.2376, -26.6322],
    [9.9602, 61.4503, -19.3772, -26.6322],
    [9.8685, 61.5760, -19.4878, -26.6322],
    [9.7767, 61.5687, -19.4630, -26.6322],
    [9.6821, 61.5613, -19.4375, -26.6322],
    [9.5902, 61.5541, -19.4131, -26.6322],
    [9.4982, 61.5470, -19.3889, -26.6322],
    [9.4035, 61.5397, -19.3642, -26.6322],
    [9.3114, 61.5328, -19.3405, -26.6322],
    [9.2193, 61.5259, -19.3170, -26.6322],
    [9.1244, 61.5189, -19.2930, -26.6322],
    [9.0322, 61.5121, -19.2701, -26.6322],
    [8.9400, 61.5055, -19.2473, -26.6322],
    [8.8449, 61.4987, -19.2241, -26.6322],
    [8.7526, 61.4922, -19.2019, -26.6322],
    [8.6602, 61.4858, -19.1798, -26.6322],
    [8.5650, 61.4792, -19.1574, -26.6322],
    [8.4725, 61.4729, -19.1359, -26.6322],
    [8.3800, 61.4667, -19.1146, -26.6322],
    [8.2847, 61.4604, -19.0929, -26.6322],
    [8.1921, 61.4544, -19.0721, -26.6322],
    [8.0994, 61.4484, -19.0515, -26.6322],
    [8.0039, 61.4423, -19.0306, -26.6322],
    [7.9112, 61.4365, -19.0105, -26.6322],
    [7.8185, 61.4307, -18.9906, -26.6322],
    [7.7228, 61.4248, -18.9704, -26.6322],
    [7.6300, 61.4192, -18.9511, -26.6322],
    [7.5371, 61.4137, -18.9320, -26.6322],
    [7.4413, 61.4080, -18.9125, -26.6322],
    [7.3484, 61.4026, -18.8939, -26.6322],
    [7.2554, 61.3973, -18.8755, -26.6322],
    [7.1595, 61.3919, -18.8568, -26.6322],
    [7.0664, 61.3867, -18.8389, -26.6322],
    [6.9733, 61.3816, -18.8212, -26.6322],
    [6.8773, 61.3764, -18.8033, -26.6322],
    [6.7841, 61.3715, -18.7861, -26.6322],
    [6.6908, 61.3666, -18.7691, -26.6322],
    [6.5947, 61.3616, -18.7519, -26.6322],
    [6.5014, 61.3569, -18.7355, -26.6322],
    [6.4081, 61.3522, -18.7192, -26.6322],
    [6.3119, 61.3474, -18.7028, -26.6322],
    [6.2185, 61.3429, -18.6870, -26.6322],
    [6.1250, 61.3384, -18.6715, -26.6322],
    [6.0287, 61.3339, -18.6558, -26.6322],
    [5.9352, 61.3296, -18.6408, -26.6322],
    [5.8417, 61.3253, -18.6260, -26.6322],
    [5.7453, 61.3210, -18.6110, -26.6322],
    [5.6516, 61.3169, -18.5967, -26.6322],
    [5.5580, 61.3129, -18.5827, -26.6322],
    [5.4615, 61.3088, -18.5684, -26.6322],
    [5.3678, 61.3049, -18.5548, -26.6322],
    [5.2741, 61.3011, -18.5415, -26.6322],
    [5.1775, 61.2972, -18.5280, -26.6322],
    [5.0837, 61.2935, -18.5151, -26.6322],
    [4.9899, 61.2899, -18.5025, -26.6322],
    [4.8932, 61.2863, -18.4898, -26.6322],
    [4.7994, 61.2828, -18.4776, -26.6322],
    [4.7055, 61.2794, -18.4657, -26.6322],
    [4.6087, 61.2759, -18.4537, -26.6322],
    [4.5148, 61.2727, -18.4423, -26.6322],
    [4.4208, 61.2695, -18.4311, -26.6322],
    [4.3240, 61.2663, -18.4198, -26.6322],
    [4.2299, 61.2632, -18.4091, -26.6322],
    [4.1359, 61.2602, -18.3986, -26.6322],
    [4.0390, 61.2572, -18.3881, -26.6322],
    [3.9449, 61.2544, -18.3781, -26.6322],
    [3.8508, 61.2516, -18.3684, -26.6322],
    [3.7538, 61.2488, -18.3586, -26.6322],
    [3.6597, 61.2461, -18.3493, -26.6322],
    [3.5655, 61.2436, -18.3403, -26.6322],
    [3.4685, 61.2410, -18.3312, -26.6322],
    [3.3743, 61.2385, -18.3227, -26.6322],
    [3.2801, 61.2362, -18.3143, -26.6322],
    [3.1830, 61.2338, -18.3060, -26.6322],
    [3.0887, 61.2316, -18.2982, -26.6322],
    [2.9945, 61.2294, -18.2906, -26.6322],
    [2.8973, 61.2272, -18.2830, -26.6322],
    [2.8030, 61.2252, -18.2759, -26.6322],
    [2.7087, 61.2233, -18.2690, -26.6322],
    [2.6115, 61.2213, -18.2621, -26.6322],
    [2.5172, 61.2195, -18.2557, -26.6322],
    [2.4228, 61.2177, -18.2496, -26.6322],
    [2.3256, 61.2160, -18.2434, -26.6322],
    [2.2312, 61.2144, -18.2378, -26.6322],
    [2.1368, 61.2128, -18.2323, -26.6322],
    [2.0395, 61.2113, -18.2269, -26.6322],
    [1.9451, 61.2099, -18.2220, -26.6322],
    [1.8506, 61.2085, -18.2172, -26.6322],
    [1.7533, 61.2072, -18.2126, -26.6322],
    [1.6589, 61.2060, -18.2083, -26.6322],
    [1.5644, 61.2049, -18.2043, -26.6322],
    [1.4671, 61.2038, -18.2004, -26.6322],
    [1.3726, 61.2028, -18.1969, -26.6322],
    [1.2781, 61.2018, -18.1936, -26.6322],
    [1.1807, 61.2009, -18.1904, -26.6322],
    [1.0862, 61.2001, -18.1876, -26.6322],
    [0.9917, 61.1994, -18.1850, -26.6322],
    [0.8944, 61.1987, -18.1826, -26.6322],
    [0.7998, 61.1981, -18.1804, -26.6322],
    [0.7053, 61.1976, -18.1786, -26.6322],
    [0.6079, 61.1971, -18.1769, -26.6322],
    [0.5134, 61.1967, -18.1755, -26.6322],
    [0.4189, 61.1964, -18.1743, -26.6322],
    [0.3215, 61.1961, -18.1734, -26.6322],
    [0.2269, 61.1959, -18.1727, -26.6322],
    [0.1324, 61.1958, -18.1722, -26.6322],
    [0.0350, 61.1957, -18.1720, -26.6322],
    [-0.0595, 61.1957, -18.1720, -26.6322],
    [-0.1541, 61.1958, -18.1723, -26.6322],
    [-0.2515, 61.1959, -18.1728, -26.6322],
    [-0.3460, 61.1962, -18.1736, -26.6322],
    [-0.4406, 61.1964, -18.1746, -26.6322],
    [-0.5380, 61.1968, -18.1758, -26.6322],
    [-0.6325, 61.1972, -18.1773, -26.6322],
    [-0.7270, 61.1977, -18.1790, -26.6322],
    [-0.8244, 61.1983, -18.1810, -26.6322],
    [-0.9189, 61.1989, -18.1831, -26.6322],
    [-1.0134, 61.1996, -18.1856, -26.6322],
    [-1.1108, 61.2003, -18.1883, -26.6322],
    [-1.2053, 61.2012, -18.1912, -26.6322],
    [-1.2998, 61.2020, -18.1943, -26.6322],
    [-1.3971, 61.2030, -18.1978, -26.6322],
    [-1.4916, 61.2040, -18.2014, -26.6322],
    [-1.5861, 61.2051, -18.2052, -26.6322],
    [-1.6834, 61.2063, -18.2094, -26.6322],
    [-1.7779, 61.2076, -18.2137, -26.6322],
    [-1.8723, 61.2089, -18.2183, -26.6322],
    [-1.9696, 61.2103, -18.2232, -26.6322],
    [-2.0640, 61.2117, -18.2283, -26.6322],
    [-2.1584, 61.2132, -18.2335, -26.6322],
    [-2.2557, 61.2148, -18.2392, -26.6322],
    [-2.3501, 61.2164, -18.2450, -26.6322],
    [-2.4444, 61.2181, -18.2510, -26.6322],
    [-2.5417, 61.2200, -18.2574, -26.6322],
    [-2.6360, 61.2218, -18.2638, -26.6322],
    [-2.7303, 61.2237, -18.2705, -26.6322],
    [-2.8275, 61.2257, -18.2777, -26.6322],
    [-2.9218, 61.2278, -18.2849, -26.6322],
    [-3.0161, 61.2299, -18.2923, -26.6322],
    [-3.1132, 61.2321, -18.3002, -26.6322],
    [-3.2075, 61.2344, -18.3081, -26.6322],
    [-3.3017, 61.2367, -18.3162, -26.6322],
    [-3.3988, 61.2392, -18.3248, -26.6322],
    [-3.4930, 61.2416, -18.3335, -26.6322],
    [-3.5871, 61.2441, -18.3423, -26.6322],
    [-3.6842, 61.2468, -18.3517, -26.6322],
    [-3.7783, 61.2495, -18.3610, -26.6322],
    [-3.8724, 61.2522, -18.3706, -26.6322],
    [-3.9694, 61.2551, -18.3807, -26.6322],
    [-4.0634, 61.2580, -18.3907, -26.6322],
    [-4.1575, 61.2609, -18.4010, -26.6322],
    [-4.2544, 61.2640, -18.4119, -26.6322],
    [-4.3484, 61.2671, -18.4226, -26.6322],
    [-4.4424, 61.2702, -18.4336, -26.6322],
    [-4.5392, 61.2735, -18.4452, -26.6322],
    [-4.6331, 61.2768, -18.4567, -26.6322],
    [-4.7270, 61.2802, -18.4684, -26.6322],
    [-4.8237, 61.2837, -18.4807, -26.6322],
    [-4.9176, 61.2872, -18.4930, -26.6322],
    [-5.0114, 61.2907, -18.5054, -26.6322],
    [-5.1081, 61.2945, -18.5185, -26.6322],
    [-5.2018, 61.2982, -18.5314, -26.6322],
    [-5.2956, 61.3020, -18.5445, -26.6322],
    [-5.3921, 61.3059, -18.5583, -26.6322],
    [-5.4858, 61.3098, -18.5720, -26.6322],
    [-5.5795, 61.3138, -18.5859, -26.6322],
    [-5.6760, 61.3180, -18.6004, -26.6322],
    [-5.7696, 61.3221, -18.6148, -26.6322],
    [-5.8631, 61.3263, -18.6294, -26.6322],
    [-5.9595, 61.3307, -18.6447, -26.6322],
    [-6.0530, 61.3350, -18.6598, -26.6322],
    [-6.1465, 61.3395, -18.6751, -26.6322],
    [-6.2427, 61.3441, -18.6911, -26.6322],
    [-6.3361, 61.3486, -18.7069, -26.6322],
    [-6.4295, 61.3532, -18.7229, -26.6322],
    [-6.5257, 61.3581, -18.7397, -26.6322],
    [-6.6190, 61.3628, -18.7563, -26.6322],
    [-6.7122, 61.3677, -18.7730, -26.6322],
    [-6.8083, 61.3727, -18.7905, -26.6322],
    [-6.9015, 61.3777, -18.8078, -26.6322],
    [-6.9946, 61.3828, -18.8253, -26.6322],
    [-7.0906, 61.3881, -18.8435, -26.6322],
    [-7.1837, 61.3933, -18.8615, -26.6322],
    [-7.2767, 61.3985, -18.8797, -26.6322],
    [-7.3725, 61.4040, -18.8987, -26.6322],
    [-7.4655, 61.4094, -18.9174, -26.6322],
    [-7.5584, 61.4149, -18.9363, -26.6322],
    [-7.6541, 61.4207, -18.9561, -26.6322],
    [-7.7469, 61.4263, -18.9755, -26.6322],
    [-7.8397, 61.4320, -18.9952, -26.6322],
    [-7.9353, 61.4380, -19.0157, -26.6322],
    [-8.0280, 61.4438, -19.0358, -26.6322],
    [-8.1207, 61.4497, -19.0562, -26.6322],
    [-8.2161, 61.4559, -19.0775, -26.6322],
    [-8.3087, 61.4620, -19.0983, -26.6322],
    [-8.4013, 61.4682, -19.1194, -26.6322],
    [-8.4966, 61.4746, -19.1414, -26.6322],
    [-8.5890, 61.4809, -19.1630, -26.6322],
    [-8.6814, 61.4872, -19.1849, -26.6322],
    [-8.7766, 61.4939, -19.2076, -26.6322],
    [-8.8689, 61.5004, -19.2299, -26.6322],
    [-8.9612, 61.5070, -19.2525, -26.6322],
    [-9.0562, 61.5139, -19.2760, -26.6322],
    [-9.1484, 61.5206, -19.2991, -26.6322],
    [-9.2405, 61.5275, -19.3224, -26.6322],
    [-9.3353, 61.5346, -19.3466, -26.6322],
    [-9.4274, 61.5415, -19.3704, -26.6322],
    [-9.5193, 61.5486, -19.3944, -26.6322],
    [-9.6141, 61.5559, -19.4194, -26.6322],
    [-9.7059, 61.5631, -19.4439, -26.6322],
    [-9.7978, 61.4373, -19.3327, -26.6322],
    [-9.8923, 61.4449, -19.3586, -26.6322],
    [-9.8923, 61.3078, -19.2189, -26.6322],
    [-9.9840, 61.1823, -19.1089, -26.6322],
    [-9.9840, 61.0495, -18.9742, -26.6322],
    [-9.9840, 60.9128, -18.8356, -26.6322],
    [-9.9840, 60.7802, -18.7015, -26.6322],
    [-9.9840, 60.6477, -18.5678, -26.6322],
    [-9.9840, 60.5113, -18.4303, -26.6322],
    [-9.9840, 60.3790, -18.2972, -26.6322],
    [-9.9840, 60.2469, -18.1645, -26.6322],
    [-9.9840, 60.1108, -18.0281, -26.6322],
    [-9.9840, 59.9788, -17.8960, -26.6322],
    [-9.9840, 59.8469, -17.7643, -26.6322],
    [-9.9840, 59.7112, -17.6289, -26.6322],
    [-9.9840, 59.5795, -17.4979, -26.6322],
    [-9.9840, 59.4479, -17.3672, -26.6322],
    [-9.9840, 59.3124, -17.2328, -26.6322],
    [-9.9840, 59.1810, -17.1028, -26.6322],
    [-9.9840, 59.0497, -16.9730, -26.6322],
    [-9.9840, 58.9145, -16.8397, -26.6322],
    [-9.9840, 58.7834, -16.7106, -26.6322],
    [-9.9840, 58.6524, -16.5819, -26.6322],
    [-9.9840, 58.5175, -16.4495, -26.6322],
    [-9.9840, 58.3866, -16.3215, -26.6322],
    [-9.9840, 58.2559, -16.1937, -26.6322],
    [-9.9840, 58.1212, -16.0623, -26.6322],
    [-9.9840, 57.9906, -15.9352, -26.6322],
    [-9.9840, 57.8601, -15.8083, -26.6322],
    [-9.9840, 57.7258, -15.6780, -26.6322],
    [-9.9840, 57.5955, -15.5518, -26.6322],
    [-9.9840, 57.4652, -15.4259, -26.6322],
    [-9.9840, 57.3311, -15.2965, -26.6322],
    [-9.9840, 57.2010, -15.1712, -26.6322],
    [-9.9840, 57.0710, -15.0463, -26.6322],
    [-9.9840, 56.9372, -14.9178, -26.6322],
    [-9.9840, 56.8073, -14.7935, -26.6322],
    [-9.9840, 56.6776, -14.6695, -26.6322],
    [-9.9840, 56.5440, -14.5420, -26.6322],
    [-9.9840, 56.4144, -14.4185, -26.6322],
    [-9.9840, 56.2848, -14.2954, -26.6322],
    [-9.9840, 56.1515, -14.1688, -26.6322],
    [-9.9840, 56.0221, -14.0463, -26.6322],
    [-9.9840, 55.8928, -13.9241, -26.6322],
    [-9.9840, 55.7596, -13.7985, -26.6322],
    [-9.9840, 55.6305, -13.6768, -26.6322],
    [-9.9840, 55.5014, -13.5555, -26.6322],
    [-9.9840, 55.3685, -13.4308, -26.6322],
    [-9.9840, 55.2396, -13.3101, -26.6322],
    [-9.9840, 55.1107, -13.1896, -26.6322],
    [-9.9840, 54.9780, -13.0658, -26.6322],
    [-9.9840, 54.8493, -12.9459, -26.6322],
    [-9.9840, 54.7206, -12.8264, -26.6322],
    [-9.9840, 54.5881, -12.7034, -26.6322],
    [-9.9840, 54.4596, -12.5845, -26.6322],
    [-9.9840, 54.3312, -12.4657, -26.6322],
    [-9.9840, 54.1989, -12.3437, -26.6322],
    [-9.9840, 54.0706, -12.2256, -26.6322],
    [-9.9840, 53.9423, -12.1077, -26.6322],
    [-9.9840, 53.8103, -11.9866, -26.6322],
    [-9.9840, 53.6821, -11.8693, -26.6322],
    [-9.9840, 53.5541, -11.7523, -26.6322],
    [-9.9840, 53.4222, -11.6320, -26.6322],
    [-9.9840, 53.2943, -11.5156, -26.6322],
    [-9.9840, 53.1664, -11.3994, -26.6322],
    [-9.9840, 53.0347, -11.2800, -26.6322],
    [-9.9840, 52.9070, -11.1644, -26.6322],
    [-9.9840, 52.7793, -11.0491, -26.6322],
    [-9.9840, 52.6478, -10.9305, -26.6322],
    [-9.9840, 52.5202, -10.8158, -26.6322],
    [-9.9840, 52.3927, -10.7012, -26.6322],
    [-9.9840, 52.2614, -10.5835, -26.6322],
    [-9.9840, 52.1340, -10.4696, -26.6322],
    [-9.9840, 52.0067, -10.3559, -26.6322],
    [-9.9840, 51.8755, -10.2390, -26.6322],
    [-9.9840, 51.7483, -10.1259, -26.6322],
    [-9.9840, 51.6211, -10.0130, -26.6322],
    [-9.9840, 51.4902, -9.8970, -26.6322],
    [-9.9840, 51.3631, -9.7847, -26.6322],
    [-9.9840, 51.2361, -9.6726, -26.6322],
    [-9.9840, 51.1053, -9.5574, -26.6322],
    [-9.9840, 50.9784, -9.4459, -26.6322],
    [-9.9840, 50.8516, -9.3346, -26.6322],
    [-9.9840, 50.7209, -9.2203, -26.6322],
    [-9.9840, 50.5942, -9.1095, -26.6322],
    [-9.9840, 50.4675, -8.9990, -26.6322],
    [-9.9840, 50.3370, -8.8855, -26.6322],
    [-9.9840, 50.2105, -8.7756, -26.6322],
    [-9.9840, 50.0839, -8.6659, -26.6322],
    [-9.9840, 49.9536, -8.5531, -26.6322],
    [-9.9840, 49.8272, -8.4440, -26.6322],
    [-9.9840, 49.7008, -8.3351, -26.6322],
    [-9.9840, 49.5706, -8.2231, -26.6322],
    [-9.9840, 49.4443, -8.1147, -26.6322],
    [-9.9840, 49.3181, -8.0066, -26.6322],
    [-9.9840, 49.1881, -7.8955, -26.6322],
    [-9.9840, 49.0619, -7.7878, -26.6322],
    [-9.9840, 48.9358, -7.6805, -26.6322],
    [-9.9840, 48.8060, -7.5701, -26.6322],
    [-9.9840, 48.6799, -7.4633, -26.6322],
    [-9.9840, 48.5540, -7.3567, -26.6322],
    [-9.9840, 48.4243, -7.2471, -26.6322],
    [-9.9840, 48.2984, -7.1411, -26.6322],
    [-9.9840, 48.1726, -7.0352, -26.6322],
    [-9.9840, 48.0430, -6.9264, -26.6322],
    [-9.9840, 47.9172, -6.8211, -26.6322],
    [-9.9840, 47.7915, -6.7160, -26.6322],
    [-9.9840, 47.6621, -6.6080, -26.6322],
    [-9.9840, 47.5365, -6.5035, -26.6322],
    [-9.9840, 47.4109, -6.3991, -26.6322],
    [-9.9840, 47.2816, -6.2919, -26.6322],
    [-9.9840, 47.1561, -6.1881, -26.6322],
    [-9.9840, 47.0306, -6.0845, -26.6322],
    [-9.9840, 46.9014, -5.9780, -26.6322],
    [-9.9840, 46.7761, -5.8749, -26.6322],
    [-9.9840, 46.6508, -5.7721, -26.6322],
    [-9.9840, 46.5217, -5.6664, -26.6322],
    [-9.9840, 46.3964, -5.5641, -26.6322],
    [-9.9840, 46.2712, -5.4620, -26.6322],
    [-9.9840, 46.1423, -5.3570, -26.6322],
    [-9.9840, 46.0172, -5.2554, -26.6322],
    [-9.9840, 45.8921, -5.1540, -26.6322],
    [-9.9840, 45.7633, -5.0498, -26.6322],
    [-9.9840, 45.6382, -4.9490, -26.6322],
    [-9.9840, 45.5133, -4.8483, -26.6322],
    [-9.9840, 45.3846, -4.7449, -26.6322],
    [-9.9840, 45.2597, -4.6447, -26.6322],
    [-9.9840, 45.1348, -4.5448, -26.6322],
    [-9.9840, 45.0062, -4.4421, -26.6322],
    [-9.9840, 44.8814, -4.3427, -26.6322],
    [-9.9840, 44.7567, -4.2435, -26.6322],
    [-9.9840, 44.6282, -4.1416, -26.6322],
    [-9.9840, 44.5035, -4.0429, -26.6322],
    [-9.9840, 44.3789, -3.9444, -26.6322],
    [-9.9840, 44.2505, -3.8432, -26.6322],
    [-9.9840, 44.1259, -3.7452, -26.6322],
    [-9.9840, 44.0014, -3.6474, -26.6322],
    [-9.9840, 43.8731, -3.5469, -26.6322],
    [-9.9840, 43.7487, -3.4497, -26.6322],
    [-9.9840, 43.6242, -3.3526, -26.6322],
    [-9.9840, 43.4961, -3.2529, -26.6322],
    [-9.9840, 43.3717, -3.1563, -26.6322],
    [-9.9840, 43.2474, -3.0600, -26.6322],
    [-9.9840, 43.1193, -2.9609, -26.6322],
    [-9.9840, 42.9951, -2.8651, -26.6322],
    [-9.9840, 42.8708, -2.7695, -26.6322],
    [-9.9840, 42.7429, -2.6712, -26.6322],
    [-9.9840, 42.6187, -2.5760, -26.6322],
    [-9.9840, 42.4946, -2.4811, -26.6322],
    [-9.9840, 42.3667, -2.3835, -26.6322],
    [-9.9840, 42.2427, -2.2890, -26.6322],
    [-9.9840, 42.1186, -2.1948, -26.6322],
    [-9.9840, 41.9909, -2.0980, -26.6322],
    [-9.9840, 41.8669, -2.0042, -26.6322],
    [-9.9840, 41.7430, -1.9107, -26.6322],
    [-9.9840, 41.6153, -1.8145, -26.6322],
    [-9.9840, 41.4914, -1.7215, -26.6322],
    [-9.9840, 41.3676, -1.6286, -26.6322],
    [-9.9840, 41.2400, -1.5332, -26.6322],
    [-9.9840, 41.1162, -1.4408, -26.6322],
    [-9.9840, 40.9925, -1.3487, -26.6322],
    [-9.9840, 40.8650, -1.2540, -26.6322],
    [-9.9840, 40.7413, -1.1623, -26.6322],
    [-9.9840, 40.6177, -1.0708, -26.6322],
    [-9.9840, 40.4903, -0.9768, -26.6322],
    [-9.9840, 40.3667, -0.8858, -26.6322],
    [-9.9840, 40.2431, -0.7951, -26.6322],
    [-9.9840, 40.1158, -0.7018, -26.6322],
    [-9.9840, 39.9923, -0.6115, -26.6322],
    [-9.9840, 39.8688, -0.5214, -26.6322],
    [-9.9840, 39.7416, -0.4288, -26.6322],
    [-9.9840, 39.6182, -0.3392, -26.6322],
    [-9.9840, 39.4948, -0.2497, -26.6322],
    [-9.9840, 39.3677, -0.1579, -26.6322],
    [-9.9840, 39.2444, -0.0689, -26.6322],
    [-9.9840, 39.1210, 0.0198, -26.6322],
    [-9.9840, 38.9940, 0.1110, -26.6322],
    [-9.9840, 38.8708, 0.1993, -26.6322],
    [-9.9840, 38.7475, 0.2873, -26.6322],
    [-9.9840, 38.6206, 0.3778, -26.6322],
    [-9.9840, 38.4974, 0.4654, -26.6322],
    [-9.9840, 38.3743, 0.5528, -26.6322],
    [-9.9840, 38.2475, 0.6426, -26.6322],
    [-9.9840, 38.1244, 0.7295, -26.6322],
    [-9.9840, 38.0013, 0.8162, -26.6322],
    [-9.9840, 37.8746, 0.9053, -26.6322],
    [-9.9840, 37.7516, 0.9915, -26.6322],
    [-9.9840, 37.6286, 1.0775, -26.6322],
    [-9.9840, 37.5019, 1.1659, -26.6322],
    [-9.9840, 37.3790, 1.2515, -26.6322],
    [-9.9840, 37.2561, 1.3369, -26.6322],
    [-9.9840, 37.1295, 1.4246, -26.6322],
    [-9.9840, 37.0067, 1.5095, -26.6322],
    [-9.9840, 36.8839, 1.5942, -26.6322],
    [-9.9840, 36.7574, 1.6812, -26.6322],
    [-9.9840, 36.6347, 1.7654, -26.6322],
    [-9.9840, 36.5119, 1.8494, -26.6322],
    [-9.9840, 36.3855, 1.9358, -26.6322],
    [-9.9840, 36.2628, 2.0193, -26.6322],
    [-9.9840, 36.1402, 2.1027, -26.6322],
    [-9.9840, 36.0139, 2.1883, -26.6322],
    [-9.9840, 35.8913, 2.2712, -26.6322],
    [-9.9840, 35.7687, 2.3539, -26.6322],
    [-9.9840, 35.6425, 2.4389, -26.6322],
    [-9.9840, 35.5200, 2.5211, -26.6322],
    [-9.9840, 35.3975, 2.6031, -26.6322],
    [-9.9840, 35.2713, 2.6874, -26.6322],
    [-9.9840, 35.1489, 2.7690, -26.6322],
    [-9.9840, 35.0265, 2.8503, -26.6322],
    [-9.9840, 34.9005, 2.9339, -26.6322],
    [-9.8923, 34.7695, 3.0388, -26.6322],
    [-9.7978, 34.6383, 3.1438, -26.6322],
    [-9.7059, 34.6299, 3.1671, -26.6322],
    [-9.6141, 34.6215, 3.1902, -26.6322],
    [-9.5193, 34.6130, 3.2138, -26.6322],
    [-9.4274, 34.6048, 3.2365, -26.6322],
    [-9.3353, 34.5966, 3.2590, -26.6322],
    [-9.2405, 34.5883, 3.2819, -26.6322],
    [-9.1484, 34.5804, 3.3039, -26.6322],
    [-9.0562, 34.5725, 3.3257, -26.6322],
    [-8.9612, 34.5645, 3.3480, -26.6322],
    [-8.8689, 34.5568, 3.3693, -26.6322],
    [-8.7766, 34.5492, 3.3904, -26.6322],
    [-8.6814, 34.5414, 3.4119, -26.6322],
    [-8.5890, 34.5340, 3.4326, -26.6322],
    [-8.4966, 34.5266, 3.4530, -26.6322],
    [-8.4013, 34.5191, 3.4739, -26.6322],
    [-8.3087, 34.5119, 3.4938, -26.6322],
    [-8.2161, 34.5048, 3.5136, -26.6322],
    [-8.1207, 34.4976, 3.5337, -26.6322],
    [-8.0280, 34.4906, 3.5530, -26.6322],
    [-7.9353, 34.4838, 3.5721, -26.6322],
    [-7.8397, 34.4768, 3.5915, -26.6322],
    [-7.7469, 34.4701, 3.6102, -26.6322],
    [-7.6541, 34.4635, 3.6286, -26.6322],
    [-7.5584, 34.4567, 3.6473, -26.6322],
    [-7.4655, 34.4503, 3.6652, -26.6322],
    [-7.3725, 34.4439, 3.6830, -26.6322],
    [-7.2767, 34.4375, 3.7010, -26.6322],
    [-7.1837, 34.4313, 3.7182, -26.6322],
    [-7.0906, 34.4252, 3.7353, -26.6322],
    [-6.9946, 34.4189, 3.7526, -26.6322],
    [-6.9015, 34.4130, 3.7692, -26.6322],
    [-6.8083, 34.4071, 3.7856, -26.6322],
    [-6.7122, 34.4012, 3.8022, -26.6322],
    [-6.6190, 34.3955, 3.8181, -26.6322],
    [-6.5257, 34.3899, 3.8338, -26.6322],
    [-6.4295, 34.3842, 3.8497, -26.6322],
    [-6.3361, 34.3787, 3.8649, -26.6322],
    [-6.2427, 34.3734, 3.8799, -26.6322],
    [-6.1465, 34.3679, 3.8952, -26.6322],
    [-6.0530, 34.3627, 3.9097, -26.6322],
    [-5.9595, 34.3576, 3.9240, -26.6322],
    [-5.8631, 34.3524, 3.9386, -26.6322],
    [-5.7696, 34.3474, 3.9524, -26.6322],
    [-5.6760, 34.3426, 3.9661, -26.6322],
    [-5.5795, 34.3376, 3.9799, -26.6322],
    [-5.4858, 34.3329, 3.9931, -26.6322],
    [-5.3921, 34.3283, 4.0060, -26.6322],
    [-5.2956, 34.3236, 4.0192, -26.6322],
    [-5.2018, 34.3191, 4.0317, -26.6322],
    [-5.1081, 34.3147, 4.0439, -26.6322],
    [-5.0114, 34.3103, 4.0564, -26.6322],
    [-4.9176, 34.3061, 4.0682, -26.6322],
    [-4.8237, 34.3020, 4.0798, -26.6322],
    [-4.7270, 34.2978, 4.0915, -26.6322],
    [-4.6331, 34.2938, 4.1027, -26.6322],
    [-4.5392, 34.2899, 4.1136, -26.6322],
    [-4.4424, 34.2860, 4.1246, -26.6322],
    [-4.3484, 34.2822, 4.1351, -26.6322],
    [-4.2544, 34.2786, 4.1453, -26.6322],
    [-4.1575, 34.2749, 4.1556, -26.6322],
    [-4.0634, 34.2714, 4.1654, -26.6322],
    [-3.9694, 34.2680, 4.1750, -26.6322],
    [-3.8724, 34.2646, 4.1846, -26.6322],
    [-3.7783, 34.2614, 4.1937, -26.6322],
    [-3.6842, 34.2582, 4.2026, -26.6322],
    [-3.5871, 34.2550, 4.2115, -26.6322],
    [-3.4930, 34.2520, 4.2199, -26.6322],
    [-3.3988, 34.2491, 4.2281, -26.6322],
    [-3.3017, 34.2462, 4.2363, -26.6322],
    [-3.2075, 34.2434, 4.2441, -26.6322],
    [-3.1132, 34.2408, 4.2516, -26.6322],
    [-3.0161, 34.2381, 4.2591, -26.6322],
    [-2.9218, 34.2356, 4.2662, -26.6322],
    [-2.8275, 34.2332, 4.2730, -26.6322],
    [-2.7303, 34.2307, 4.2798, -26.6322],
    [-2.6360, 34.2285, 4.2862, -26.6322],
    [-2.5417, 34.2263, 4.2924, -26.6322],
    [-2.4444, 34.2241, 4.2985, -26.6322],
    [-2.3501, 34.2221, 4.3042, -26.6322],
    [-2.2557, 34.2201, 4.3096, -26.6322],
    [-2.1584, 34.2182, 4.3151, -26.6322],
    [-2.0640, 34.2164, 4.3201, -26.6322],
    [-1.9696, 34.2147, 4.3249, -26.6322],
    [-1.8723, 34.2130, 4.3296, -26.6322],
    [-1.7779, 34.2115, 4.3339, -26.6322],
    [-1.6834, 34.2100, 4.3380, -26.6322],
    [-1.5861, 34.2086, 4.3420, -26.6322],
    [-1.4916, 34.2073, 4.3457, -26.6322],
    [-1.3971, 34.2061, 4.3491, -26.6322],
    [-1.2998, 34.2049, 4.3524, -26.6322],
    [-1.2053, 34.2039, 4.3554, -26.6322],
    [-1.1108, 34.2029, 4.3582, -26.6322],
    [-1.0134, 34.2020, 4.3608, -26.6322],
    [-0.9189, 34.2012, 4.3631, -26.6322],
    [-0.8244, 34.2004, 4.3651, -26.6322],
    [-0.7270, 34.1997, 4.3670, -26.6322],
    [-0.6325, 34.1992, 4.3687, -26.6322],
    [-0.5380, 34.1987, 4.3700, -26.6322],
    [-0.4406, 34.1983, 4.3712, -26.6322],
    [-0.3460, 34.1979, 4.3722, -26.6322],
    [-0.2515, 34.1977, 4.3729, -26.6322],
    [-0.1541, 34.1975, 4.3734, -26.6322],
    [-0.0595, 34.1974, 4.3736, -26.6322],
    [0.0350, 34.1974, 4.3737, -26.6322],
    [0.1324, 34.1975, 4.3735, -26.6322],
    [0.2269, 34.1976, 4.3730, -26.6322],
    [0.3215, 34.1978, 4.3724, -26.6322],
    [0.4189, 34.1982, 4.3715, -26.6322],
    [0.5134, 34.1986, 4.3704, -26.6322],
    [0.6079, 34.1990, 4.3690, -26.6322],
    [0.7053, 34.1996, 4.3674, -26.6322],
    [0.7998, 34.2002, 4.3656, -26.6322],
    [0.8944, 34.2010, 4.3636, -26.6322],
    [0.9917, 34.2018, 4.3613, -26.6322],
    [1.0862, 34.2027, 4.3588, -26.6322],
    [1.1807, 34.2036, 4.3561, -26.6322],
    [1.2781, 34.2047, 4.3531, -26.6322],
    [1.3726, 34.2058, 4.3500, -26.6322],
    [1.4671, 34.2070, 4.3466, -26.6322],
    [1.5644, 34.2083, 4.3429, -26.6322],
    [1.6589, 34.2097, 4.3391, -26.6322],
    [1.7533, 34.2111, 4.3350, -26.6322],
    [1.8506, 34.2127, 4.3306, -26.6322],
    [1.9451, 34.2143, 4.3261, -26.6322],
    [2.0395, 34.2160, 4.3213, -26.6322],
    [2.1368, 34.2178, 4.3162, -26.6322],
    [2.2312, 34.2196, 4.3110, -26.6322],
    [2.3256, 34.2216, 4.3056, -26.6322],
    [2.4228, 34.2236, 4.2998, -26.6322],
    [2.5172, 34.2257, 4.2939, -26.6322],
    [2.6115, 34.2279, 4.2878, -26.6322],
    [2.7087, 34.2302, 4.2813, -26.6322],
    [2.8030, 34.2325, 4.2747, -26.6322],
    [2.8973, 34.2349, 4.2680, -26.6322],
    [2.9945, 34.2375, 4.2607, -26.6322],
    [3.0887, 34.2401, 4.2535, -26.6322],
    [3.1830, 34.2427, 4.2460, -26.6322],
    [3.2801, 34.2456, 4.2381, -26.6322],
    [3.3743, 34.2484, 4.2302, -26.6322],
    [3.4685, 34.2513, 4.2221, -26.6322],
    [3.5655, 34.2543, 4.2134, -26.6322],
    [3.6597, 34.2574, 4.2048, -26.6322],
    [3.7538, 34.2605, 4.1960, -26.6322],
    [3.8508, 34.2639, 4.1867, -26.6322],
    [3.9449, 34.2672, 4.1774, -26.6322],
    [4.0390, 34.2705, 4.1679, -26.6322],
    [4.1359, 34.2741, 4.1579, -26.6322],
    [4.2299, 34.2777, 4.1479, -26.6322],
    [4.3240, 34.2813, 4.1377, -26.6322],
    [4.4208, 34.2851, 4.1270, -26.6322],
    [4.5148, 34.2889, 4.1164, -26.6322],
    [4.6087, 34.2928, 4.1055, -26.6322],
    [4.7055, 34.2969, 4.0941, -26.6322],
    [4.7994, 34.3009, 4.0828, -26.6322],
    [4.8932, 34.3050, 4.0712, -26.6322],
    [4.9899, 34.3093, 4.0591, -26.6322],
    [5.0837, 34.3136, 4.0471, -26.6322],
    [5.1775, 34.3180, 4.0349, -26.6322],
    [5.2741, 34.3226, 4.0220, -26.6322],
    [5.3678, 34.3271, 4.0094, -26.6322],
    [5.4615, 34.3317, 3.9965, -26.6322],
    [5.5580, 34.3365, 3.9829, -26.6322],
    [5.6516, 34.3413, 3.9696, -26.6322],
    [5.7453, 34.3462, 3.9560, -26.6322],
    [5.8417, 34.3512, 3.9418, -26.6322],
    [5.9352, 34.3563, 3.9277, -26.6322],
    [6.0287, 34.3614, 3.9134, -26.6322],
    [6.1250, 34.3667, 3.8985, -26.6322],
    [6.2185, 34.3720, 3.8838, -26.6322],
    [6.3119, 34.3773, 3.8688, -26.6322],
    [6.4081, 34.3829, 3.8532, -26.6322],
    [6.5014, 34.3884, 3.8378, -26.6322],
    [6.5947, 34.3940, 3.8222, -26.6322],
    [6.6908, 34.3999, 3.8059, -26.6322],
    [6.7841, 34.4056, 3.7898, -26.6322],
    [6.8773, 34.4115, 3.7735, -26.6322],
    [6.9733, 34.4176, 3.7564, -26.6322],
    [7.0664, 34.4236, 3.7397, -26.6322],
    [7.1595, 34.4297, 3.7227, -26.6322],
    [7.2554, 34.4360, 3.7050, -26.6322],
    [7.3484, 34.4423, 3.6875, -26.6322],
    [7.4413, 34.4486, 3.6699, -26.6322],
    [7.5371, 34.4553, 3.6514, -26.6322],
    [7.6300, 34.4618, 3.6333, -26.6322],
    [7.7228, 34.4684, 3.6150, -26.6322],
    [7.8185, 34.4752, 3.5958, -26.6322],
    [7.9112, 34.4820, 3.5770, -26.6322],
    [8.0039, 34.4888, 3.5580, -26.6322],
    [8.0994, 34.4960, 3.5382, -26.6322],
    [8.1921, 34.5030, 3.5187, -26.6322],
    [8.2847, 34.5101, 3.4990, -26.6322],
    [8.3800, 34.5175, 3.4785, -26.6322],
    [8.4725, 34.5247, 3.4583, -26.6322],
    [8.5650, 34.5321, 3.4379, -26.6322],
    [8.6602, 34.5397, 3.4167, -26.6322],
    [8.7526, 34.5472, 3.3959, -26.6322],
    [8.8449, 34.5548, 3.3748, -26.6322],
    [8.9400, 34.5627, 3.3529, -26.6322],
    [9.0322, 34.5705, 3.3314, -26.6322],
    [9.1244, 34.5783, 3.3096, -26.6322],
    [9.2193, 34.5865, 3.2870, -26.6322],
    [9.3114, 34.5945, 3.2648, -26.6322],
    [9.4035, 34.6026, 3.2424, -26.6322],
    [9.4982, 34.6111, 3.2191, -26.6322],
    [9.5902, 34.6193, 3.1962, -26.6322],
