-0.1167,32.2649,88.9106,-90.0102
6.0417,43.8831,91.2585,-87.4745
6.1585,44.0213,91.2355,-87.4738
6.1585,44.8751,91.2272,-87.3645
6.1585,44.0215,91.2350,-87.4024
6.0417,43.8829,91.2590,-87.4585
5.6638,43.3617,91.3254,-87.6582
5.2854,42.8463,91.3794,-87.8389
4.9066,42.3372,91.4203,-88.0170
4.5273,41.8344,91.4481,-88.1919
4.1476,41.3381,91.4630,-88.3634
3.7676,40.8483,91.4648,-88.5315
3.3872,40.3654,91.4536,-88.6961
3.0066,39.8893,91.4293,-88.8572
2.6257,39.4202,91.3920,-89.0146
1.7723,39.3855,91.4555,-89.3178
1.6542,39.4979,91.4828,-89.3404
1.0409,39.4830,91.5102,-89.5952
0.4273,39.4747,91.5254,-89.8241
0.3091,39.3572,91.5075,-89.8459
-0.3849,39.3579,91.5061,-90.1259
-1.0788,39.3673,91.4889,-90.3839
-1.7723,39.3855,91.4555,-90.6420
-1.0788,39.3673,91.4889,-90.4204
-0.3849,39.3579,91.5061,-90.1613
0.3091,39.3575,91.5070,-89.9028
0.4273,39.4744,91.5259,-89.8791
1.0409,39.4830,91.5102,-89.6266
1.6542,39.4982,91.4823,-89.3980
1.7723,39.3852,91.4560,-89.3828
2.3852,39.4090,91.4124,-89.1277
2.9975,39.4395,91.3566,-88.9010
3.6092,39.4769,91.2881,-88.6746
4.2200,39.5212,91.2068,-88.4489
4.0934,39.6272,91.2452,-88.4147
4.2200,39.7451,91.2452,-88.4790
3.9758,39.7263,91.2797,-88.4050
3.3601,40.0283,91.4091,-88.7114
3.3601,40.2551,91.4429,-88.7132
2.9975,40.6845,91.5394,-88.8288
2.7527,40.6713,91.5643,-88.8456
2.6257,40.8966,91.6016,-88.9885
2.5077,40.8910,91.6120,-88.9757
2.2627,41.1128,91.6563,-89.1058
1.8996,41.0981,91.6841,-89.1156
1.7723,41.2160,91.7018,-89.3068
1.4090,41.2045,91.7236,-89.3018
1.2817,41.3151,91.7378,-89.4972
0.6728,41.3045,91.7579,-89.7123
0.5546,41.1904,91.7502,-89.7433
0.1818,41.1882,91.7543,-89.9162
-0.3091,40.9559,91.7296,-90.1043
-0.6728,40.6075,91.6837,-90.2487
-0.8000,40.6091,91.6809,-90.2635
-1.2908,40.0498,91.5881,-90.4768
-1.1636,40.0468,91.5936,-90.4948
-1.1636,40.1650,91.6104,-90.4316
-0.6728,40.6075,91.6837,-90.2771
-0.5546,40.6061,91.6864,-90.2553
0.1818,41.1882,91.7543,-89.9207
0.5546,41.1895,91.7520,-89.9308
0.6728,41.3045,91.7579,-89.7343
1.2817,41.3151,91.7378,-89.5166
1.7723,41.0951,91.6898,-89.3227
2.1447,41.1069,91.6675,-89.3010
2.3897,41.0062,91.6347,-89.0502
2.6257,40.7842,91.5909,-89.0873
2.6257,40.6656,91.5748,-88.9932
2.8706,40.6773,91.5530,-88.9841
3.3601,40.1376,91.4251,-88.7389
3.2423,39.9030,91.4057,-88.7405
2.9976,39.7802,91.4146,-88.7963
2.3852,39.7506,91.4692,-89.0873
1.7723,39.7272,91.5123,-89.3162
1.6542,39.8322,91.5366,-89.3324
0.9182,39.8151,91.5681,-89.6331
0.1818,39.8077,91.5818,-89.9108
0.0636,39.6982,91.5658,-89.9375
-0.5500,39.7012,91.5602,-90.1907
-1.1636,39.7109,91.5425,-90.4212
-1.2908,39.8224,91.5547,-90.4459
-1.4089,39.7164,91.5323,-90.4950
-2.0175,39.6188,91.4777,-90.7402
-1.6543,39.6053,91.5025,-90.7612
-1.5270,39.7198,91.5260,-90.5712
-0.7318,39.7034,91.5563,-90.2978
0.0636,39.6985,91.5653,-89.9978
0.1818,39.8075,91.5823,-89.9699
0.9182,39.8151,91.5681,-89.6733
1.6542,39.8324,91.5361,-89.3959
1.7723,39.7270,91.5128,-89.3747
2.3852,39.7506,91.4692,-89.1192
2.9975,39.7809,91.4134,-88.8901
3.1154,39.8960,91.4186,-88.8603
3.3601,39.9103,91.3923,-88.8164
3.4869,39.8101,91.3595,-88.6817
3.8492,39.8333,91.3167,-88.6939
4.0934,39.6275,91.2446,-88.4562
3.9758,39.5024,91.2413,-88.4912
3.3601,39.4608,91.3175,-88.7351
3.1154,39.2218,91.3065,-88.7744
2.7527,39.2031,91.3405,-88.9752
1.8995,38.7229,91.3217,-89.2891
1.4089,38.7078,91.3491,-89.4752
1.2817,38.8188,91.3785,-89.4847
0.6728,38.7507,91.3866,-89.7407
0.0636,38.6893,91.3826,-89.9628
-0.3091,38.9114,91.4251,-90.1047
-0.5546,38.9128,91.4225,-90.1158
-0.5546,38.9134,91.4215,-90.1979
-0.3091,38.9108,91.4261,-90.2052
0.0636,38.6893,91.3826,-89.9839
0.5546,38.6921,91.3775,-89.8091
0.6728,38.8078,91.3986,-89.7932
1.2863,38.7619,91.3663,-89.5441
1.8995,38.7229,91.3217,-89.3220
2.7527,39.2031,91.3405,-89.0036
3.1155,39.2216,91.3067,-88.9787
3.3601,39.4608,91.3175,-88.7383
2.7927,39.3501,91.3629,-88.9493
2.2247,39.2453,91.3971,-89.1619
1.6564,39.1467,91.4202,-89.3739
1.0877,39.0541,91.4320,-89.5851
0.5187,38.9676,91.4327,-89.7955
-0.0503,38.8873,91.4221,-90.0050
-0.6193,38.8132,91.4004,-90.2134
-1.1882,38.7452,91.3675,-90.4206
-1.7568,38.6835,91.3234,-90.6265
-2.3251,38.6280,91.2682,-90.8310
-2.8930,38.5788,91.2017,-91.0340
-3.4603,38.5358,91.1241,-91.2354
-4.0269,38.4992,91.0353,-91.4351
-4.5927,38.4688,90.9353,-91.6329
-5.1576,38.4449,90.8241,-91.8287
-5.7215,38.4273,90.7017,-92.0225
-6.2843,38.4160,90.5682,-92.2141
-6.1585,38.5047,90.6199,-92.2492
-6.0417,39.0318,90.7618,-92.1677
-5.5557,39.8663,91.0220,-92.0926
-5.3126,40.0655,91.1051,-92.1033
-5.3124,40.1839,91.1209,-92.0091
-5.0691,40.3862,91.1988,-92.0368
-4.5815,41.1437,91.3752,-91.8031
-4.5815,41.6092,91.4205,-91.7987
-4.4641,41.7122,91.4488,-91.8238
-4.4641,42.5353,91.5043,-91.7938
-4.3375,42.6489,91.5300,-91.8253
-4.3375,43.1290,91.5484,-91.7797
-4.6207,43.7130,91.5169,-91.9542
-4.9036,44.3036,91.4718,-92.0591
-5.1862,44.9004,91.4129,-92.2481
-5.0690,45.0186,91.4302,-92.2265
-4.4641,44.9702,91.5280,-91.9056
-4.3375,44.8318,91.5513,-91.9104
-4.3375,43.8567,91.5615,-91.8442
-4.2200,43.7213,91.5782,-91.7932
-4.2200,43.7216,91.5776,-91.7505
-4.3375,43.8564,91.5620,-91.7779
-4.3375,44.8321,91.5507,-91.8305
-4.2200,44.9521,91.5646,-91.8844
-3.2423,44.8910,91.6880,-91.3748
-3.1245,45.0045,91.6972,-91.4140
-2.8797,44.9919,91.7226,-91.3257
-2.7527,44.8664,91.7377,-91.1787
-2.6347,44.9809,91.7450,-91.1970
-2.3898,44.8502,91.7706,-91.1090
-1.7723,44.8292,91.8128,-90.7515
-1.6542,44.9457,91.8161,-90.7742
-1.4090,44.8189,91.8336,-90.6883
-0.8000,44.8083,91.8551,-90.3327
-0.6728,44.9266,91.8548,-90.3521
-0.4273,44.9241,91.8598,-90.2679
-0.3091,44.8037,91.8643,-90.1263
0.3155,44.8038,91.8642,-89.8495
0.9400,44.8103,91.8510,-89.5800
1.5643,44.8234,91.8245,-89.3109
2.1882,44.8430,91.7849,-89.0423
2.8116,44.8691,91.7322,-88.7743
3.4344,44.9018,91.6662,-88.5071
4.0563,44.9410,91.5871,-88.2409
4.6773,44.9867,91.4948,-87.9759
5.2971,45.0389,91.3893,-87.7122
5.9158,45.0977,91.2707,-87.4500
5.2971,45.0389,91.3893,-87.7409
4.6773,44.9867,91.4948,-88.0051
4.0563,44.9410,91.5871,-88.2701
3.4344,44.9018,91.6662,-88.5363
2.8116,44.8691,91.7322,-88.8035
2.1882,44.8430,91.7849,-89.0715
1.5643,44.8234,91.8245,-89.3401
0.9400,44.8103,91.8510,-89.6092
0.3155,44.8038,91.8642,-89.8785
-0.3091,44.8037,91.8643,-90.1479
-0.4273,44.9244,91.8593,-90.1288
-0.6728,44.9264,91.8553,-90.2060
-0.8000,44.8083,91.8551,-90.3541
-1.4089,44.8195,91.8324,-90.6217
-1.5270,44.9423,91.8230,-90.6063
-1.7723,44.8286,91.8141,-90.6759
-2.3897,44.8507,91.7693,-91.0422
-2.5077,44.9754,91.7560,-91.0319
-2.7527,44.8658,91.7390,-91.0950
-2.8796,44.9924,91.7216,-91.2499
-3.1245,45.0042,91.6977,-91.2406
-3.2423,44.8910,91.6880,-91.4017
-3.8913,44.9299,91.6094,-91.6890
-4.5394,44.9760,91.5164,-91.9659
-5.1862,45.0291,91.4092,-92.2413
-5.1862,44.7807,91.4170,-92.1887
-4.9036,44.1824,91.4726,-92.0762
-4.6207,43.5900,91.5153,-91.8939
-4.3375,43.0042,91.5443,-91.7873
-4.3375,42.6480,91.5317,-91.7348
-4.4641,42.5350,91.5048,-91.7549
-4.4641,41.7125,91.4483,-91.7780
-4.5815,41.6089,91.4210,-91.7488
-4.5815,41.1437,91.3752,-91.7875
-5.0690,40.5562,91.2198,-91.9165
-5.5557,39.9827,91.0409,-92.0629
-5.9158,39.3521,90.8536,-92.1542
-5.9158,39.1309,90.8117,-92.1345
-6.0417,39.0315,90.7623,-92.1357
-6.0417,38.8125,90.7168,-92.1654
-5.4660,38.7310,90.8249,-91.9800
-4.8892,38.6552,90.9227,-91.7729
-4.3114,38.5857,91.0090,-91.5653
-3.7327,38.5225,91.0839,-91.3572
-3.1532,38.4656,91.1473,-91.1485
-2.5732,38.4150,91.1994,-90.9395
-1.9925,38.3707,91.2399,-90.7301
-1.4115,38.3327,91.2691,-90.5207
-0.8302,38.3011,91.2868,-90.3112
-0.2487,38.2759,91.2931,-90.1019
0.3328,38.2570,91.2879,-89.8927
0.9143,38.2445,91.2713,-89.6839
1.4956,38.2384,91.2433,-89.4756
2.0765,38.2386,91.2038,-89.2678
2.6571,38.2452,91.1529,-89.0608
3.2371,38.2582,91.0905,-88.8546
3.8164,38.2776,91.0168,-88.6493
4.3950,38.3034,90.9315,-88.4451
4.9726,38.3355,90.8349,-88.2420
5.5493,38.3741,90.7268,-88.0403
6.1248,38.4191,90.6073,-87.8399
6.6991,38.4704,90.4764,-87.6411
7.2720,38.5282,90.3340,-87.4439
7.8435,38.5923,90.1802,-87.2485
8.4134,38.6629,90.0150,-87.0549
8.9817,38.7398,89.8383,-86.8632
9.5481,38.8231,89.6502,-86.6737
10.1127,38.9128,89.4506,-86.4863
9.6450,39.6841,89.8051,-86.5095
9.6450,39.4663,89.7611,-86.5942
9.8836,39.2947,89.6334,-86.6117
9.3178,39.0744,89.7955,-86.6922
8.7503,38.8590,89.9477,-86.9012
8.1810,38.6499,90.0878,-87.1084
7.6101,38.4472,90.2158,-87.3158
7.0377,38.2508,90.3319,-87.5231
6.4639,38.0608,90.4359,-87.7302
5.8888,37.8773,90.5280,-87.9370
5.3124,37.7003,90.6079,-88.1434
4.7350,37.5299,90.6759,-88.3493
4.1567,37.3660,90.7318,-88.5544
3.5775,37.2089,90.7758,-88.7588
2.9975,37.0584,90.8077,-88.9622
2.8706,37.1523,90.8500,-88.9646
2.3897,37.0268,90.8631,-89.1722
2.2627,37.1223,90.9029,-89.1741
2.3897,37.2376,90.9239,-89.2237
1.8995,37.2177,90.9589,-89.3334
2.1447,37.2267,90.9431,-89.3450
2.2627,37.1226,90.9023,-89.2147
2.1446,37.0159,90.8824,-89.2279
1.7723,37.0021,90.9066,-89.3854
1.7723,37.0021,90.9066,-89.3926
2.6257,37.0382,90.8431,-89.1132
2.7527,37.1460,90.8613,-89.0883
2.0205,37.0788,90.9102,-89.2916
1.2878,37.0217,90.9414,-89.5448
0.5546,36.9749,90.9544,-89.7973
0.5546,37.1855,91.0157,-89.8088
0.0636,37.1832,91.0198,-89.9693
0.0636,37.0733,90.9891,-89.9801
0.1818,37.1832,91.0198,-89.9774
0.4273,37.1844,91.0178,-89.9279
0.5546,37.0764,90.9837,-89.8026
0.3091,36.8626,90.9280,-89.8134
0.4273,36.8646,90.9245,-89.8410
-0.1443,36.8216,90.9149,-90.0401
-0.7158,36.7850,90.8942,-90.2351
-1.2872,36.7547,90.8624,-90.4293
-1.8583,36.7307,90.8194,-90.6227
-2.4291,36.7132,90.7654,-90.8152
-2.9993,36.7020,90.7002,-91.0065
-3.5690,36.6973,90.6240,-91.1967
-4.1380,36.6990,90.5366,-91.3857
-4.7062,36.7071,90.4381,-91.5732
-5.2734,36.7216,90.3285,-91.7593
-5.8396,36.7425,90.2078,-91.9438
-6.4046,36.7699,90.0760,-92.1266
-6.9685,36.8038,89.9331,-92.3076
-7.5309,36.8441,89.7791,-92.4867
-8.0919,36.8909,89.6139,-92.6639
-7.6101,37.5340,89.9703,-92.6004
-7.7262,38.0729,90.0852,-92.6713
-7.9672,38.3207,90.0769,-92.7183
-7.9671,38.6464,90.1547,-92.7962
-8.3324,39.3447,90.1938,-93.0127
-8.0921,39.5245,90.3084,-93.0519
-8.0919,39.5259,90.3063,-92.9439
-8.0919,39.5259,90.3063,-92.9340
-8.3325,39.3434,90.1958,-92.8823
-8.2077,39.2201,90.2077,-92.9294
-8.3324,39.1269,90.1483,-92.9210
-7.9671,38.5352,90.1280,-92.7798
-7.9671,38.2181,90.0508,-92.7329
-7.6101,37.7433,90.0305,-92.5882
-7.6101,37.5334,89.9713,-92.5658
-8.0919,37.0953,89.6812,-92.6836
-7.5142,36.9761,89.8276,-92.5122
-6.9349,36.8635,89.9622,-92.3200
-6.3541,36.7575,90.0851,-92.1270
-5.7721,36.6581,90.1962,-91.9333
-5.1888,36.5653,90.2956,-91.7388
-4.6045,36.4793,90.3832,-91.5437
-4.0192,36.3999,90.4592,-91.3482
-3.4331,36.3272,90.5233,-91.1524
-2.8463,36.2613,90.5758,-90.9563
-2.2588,36.2020,90.6165,-90.7602
-1.6709,36.1496,90.6454,-90.5640
-1.0827,36.1039,90.6626,-90.3680
-0.4942,36.0649,90.6681,-90.1722
0.0944,36.0328,90.6618,-89.9767
0.6830,36.0074,90.6438,-89.7818
1.2715,35.9889,90.6141,-89.5874
1.8596,35.9771,90.5726,-89.3938
2.4474,35.9722,90.5193,-89.2010
3.0347,35.9741,90.4544,-89.0091
3.6213,35.9829,90.3776,-88.8183
4.2072,35.9985,90.2892,-88.6287
4.7921,36.0209,90.1890,-88.4403
5.3761,36.0502,90.0771,-88.2533
5.9590,36.0864,89.9534,-88.0678
6.5406,36.1294,89.8180,-87.8839
7.1209,36.1793,89.6708,-87.7018
7.6997,36.2360,89.5119,-87.5214
8.2770,36.2996,89.3413,-87.3430
8.8525,36.3700,89.1589,-87.1667
9.4263,36.4473,88.9647,-86.9924
9.9981,36.5315,88.7588,-86.8204
9.9981,36.6342,88.7980,-86.7802
10.2362,36.7785,88.7498,-86.7818
10.3504,37.0028,88.7794,-86.6523
10.4736,36.8284,88.6630,-86.7156
10.4736,37.0289,88.7342,-86.6229
10.3505,37.1065,88.8167,-86.5737
10.3504,37.7159,89.0181,-86.5507
10.2361,37.7908,89.0907,-86.5225
10.1127,38.3890,89.3151,-86.5317
9.7599,38.9547,89.6006,-86.5652
9.4063,39.2067,89.7928,-86.6513
9.4063,39.6404,89.8848,-86.6298
9.2824,39.6180,89.9255,-86.6058
9.4063,39.5271,89.8622,-86.7028
9.4063,39.2067,89.7928,-86.6557
9.7599,38.7930,89.5613,-86.6103
10.1127,38.3890,89.3151,-86.5500
10.2360,37.7911,89.0903,-86.5858
10.3505,37.7156,89.0185,-86.6104
10.3504,37.0028,88.7794,-86.6551
9.9981,36.6343,88.7977,-86.8133
9.4396,36.5087,88.9825,-86.9652
8.8793,36.3894,89.1561,-87.1412
8.3173,36.2765,89.3185,-87.3183
7.7537,36.1700,89.4697,-87.4968
7.1885,36.0698,89.6098,-87.6765
6.6220,35.9761,89.7387,-87.8572
6.0541,35.8888,89.8564,-88.0389
5.4850,35.8080,89.9629,-88.2216
4.9149,35.7336,90.0583,-88.4050
4.3438,35.6656,90.1425,-88.5890
3.7718,35.6042,90.2156,-88.7736
3.1990,35.5492,90.2774,-88.9587
2.6257,35.5007,90.3281,-89.1441
3.1154,35.8270,90.3915,-88.9869
3.3012,36.2994,90.5320,-88.8928
3.4869,36.7790,90.6609,-88.8095
3.3601,36.8707,90.7069,-88.8094
3.2423,37.3860,90.8702,-88.8887
2.7527,37.6817,91.0060,-89.0230
2.6257,37.6750,91.0179,-89.0356
2.8706,37.4732,90.9407,-89.1042
2.9975,37.4816,90.9260,-88.9510
3.2423,37.2827,90.8440,-88.9756
3.3601,36.8710,90.7063,-88.8478
3.4869,36.7787,90.6614,-88.8687
3.1154,35.9321,90.4293,-88.9731
3.6854,35.8946,90.3364,-88.8017
4.2546,35.8637,90.2322,-88.6206
4.8231,35.8395,90.1166,-88.4416
5.3906,35.8221,89.9897,-88.2645
5.9570,35.8114,89.8514,-88.0896
6.5222,35.8076,89.7019,-87.9169
7.0862,35.8105,89.5410,-87.7465
7.6488,35.8202,89.3687,-87.5784
8.2100,35.8367,89.1851,-87.4128
8.7695,35.8600,88.9902,-87.2498
9.3274,35.8902,88.7840,-87.0895
9.8835,35.9273,88.5663,-86.9319
9.8835,36.2148,88.6871,-86.8372
9.6450,36.3656,88.8441,-86.9289
9.6450,36.5631,88.9205,-86.8768
9.2824,36.7906,89.1477,-86.9765
9.1672,37.1742,89.3236,-86.9669
9.2824,36.6940,89.1131,-87.0002
9.6450,36.4608,88.8806,-86.9275
9.6450,36.2626,88.8052,-86.9764
9.8836,36.1207,88.6488,-87.0021
9.3198,35.9817,88.8246,-87.0654
8.7544,35.8479,88.9910,-87.2418
8.1872,35.7206,89.1459,-87.4185
7.6185,35.5998,89.2895,-87.5963
7.0482,35.4856,89.4217,-87.7750
6.4765,35.3779,89.5424,-87.9546
5.9035,35.2768,89.6518,-88.1349
5.3293,35.1824,89.7498,-88.3158
4.7540,35.0945,89.8364,-88.4973
4.1778,35.0133,89.9115,-88.6791
3.6007,34.9388,89.9753,-88.8613
3.0229,34.8709,90.0277,-89.0436
2.4445,34.8097,90.0687,-89.2260
1.8656,34.7553,90.0984,-89.4085
1.2863,34.7075,90.1166,-89.5907
0.7067,34.6665,90.1234,-89.7728
0.1270,34.6323,90.1188,-89.9545
-0.4528,34.6048,90.1029,-90.1357
-1.0324,34.5840,90.0755,-90.3164
-1.6118,34.5700,90.0368,-90.4964
-2.1909,34.5629,89.9866,-90.6757
-2.7696,34.5625,89.9251,-90.8541
-3.3477,34.5689,89.8522,-91.0316
-3.9251,34.5821,89.7678,-91.2079
-4.5017,34.6021,89.6721,-91.3831
-5.0774,34.6289,89.5650,-91.5570
-5.6521,34.6626,89.4465,-91.7295
-6.2256,34.7030,89.3166,-91.9006
-6.7979,34.7503,89.1753,-92.0701
-7.3688,34.8044,89.0226,-92.2379
-7.4851,34.9209,89.0390,-92.2652
-7.4850,35.1126,89.1261,-92.3368
-7.1273,35.6449,89.4628,-92.2640
-6.8856,35.7999,89.5986,-92.3004
-6.8854,36.0004,89.6732,-92.2173
-6.7689,36.0879,89.7399,-92.2410
-6.7689,36.4920,89.8841,-92.2190
-6.6434,36.5729,89.9472,-92.2490
-6.6434,36.9837,90.0813,-92.2221
-6.6434,36.5733,89.9467,-92.2029
-6.7689,36.4916,89.8846,-92.1715
-6.8854,35.9043,89.6366,-92.2055
-7.1274,35.7386,89.5028,-92.1654
-7.4850,35.2062,89.1660,-92.3125
-7.4850,34.9197,89.0407,-92.2534
-7.2436,34.3164,88.8279,-92.1566
-7.2436,34.4066,88.8730,-92.1790
-7.3689,34.3350,88.7968,-92.1431
-7.4851,34.5403,88.8604,-92.2450
-7.9671,34.9976,88.9096,-92.4290
-8.2077,35.4224,89.0132,-92.5520
-8.2077,35.8127,89.1762,-92.5808
-8.3324,35.9280,89.1790,-92.6138
-8.3324,36.1254,89.2569,-92.6943
-8.0919,36.3817,89.4355,-92.6236
-8.0919,36.5822,89.5089,-92.6659
-8.4481,36.9496,89.5117,-92.7832
-8.5726,37.1742,89.5434,-92.8352
-8.5726,37.5795,89.6683,-92.8805
-8.6881,37.7066,89.6661,-92.9204
-8.6881,38.0149,89.7563,-93.0253
-8.5726,38.1055,89.8191,-92.9957
-8.5726,38.4191,89.9011,-92.9758
-8.4481,38.5085,89.9663,-93.0150
-8.4481,38.9377,90.0678,-92.9862
-8.4481,38.5089,89.9657,-92.9658
-8.5726,38.4188,89.9016,-92.9204
-8.6881,37.7068,89.6656,-92.9371
-8.5726,37.5792,89.6688,-92.9209
-8.5726,37.1749,89.5421,-92.8628
-8.4481,37.0475,89.5449,-92.8232
-8.4481,36.8435,89.4770,-92.7421
-8.0919,36.4859,89.4733,-92.6336
-8.3324,36.1260,89.2559,-92.6567
-8.3324,35.9276,89.1795,-92.6136
-8.2078,35.8124,89.1767,-92.6239
-8.2077,35.3221,88.9697,-92.5496
-7.9671,34.8987,88.8639,-92.4176
-7.4850,34.4435,88.8114,-92.2411
-7.4850,34.3530,88.7667,-92.2165
-6.9134,34.2447,88.8967,-92.0643
-6.3404,34.1429,89.0155,-91.8942
-5.7662,34.0479,89.1228,-91.7234
-5.1907,33.9597,89.2188,-91.5520
-4.6143,33.8783,89.3033,-91.3801
-4.0368,33.8037,89.3764,-91.2077
-3.4586,33.7359,89.4380,-91.0350
-2.8796,33.6750,89.4883,-90.8621
-3.2424,33.6963,89.4529,-90.8560
-3.4869,33.5279,89.3260,-91.0387
-3.9758,33.5654,89.2641,-91.1679
-4.0934,33.4856,89.2011,-91.1605
-3.8491,33.5544,89.2822,-91.2200
-3.3601,33.5190,89.3407,-90.9944
-3.3601,33.6154,89.3914,-91.0008
-3.2423,33.6974,89.4511,-91.0049
-2.6483,33.6364,89.4969,-90.7924
-2.0538,33.5823,89.5311,-90.6152
-1.4589,33.5354,89.5532,-90.4379
-0.8636,33.4958,89.5634,-90.2608
-0.2682,33.4635,89.5616,-90.0840
0.3273,33.4384,89.5477,-89.9075
0.9227,33.4206,89.5218,-89.7316
1.5180,33.4100,89.4840,-89.5563
2.1129,33.4068,89.4341,-89.3817
2.7073,33.4109,89.3722,-89.2079
3.3012,33.4222,89.2982,-89.0350
3.8943,33.4409,89.2123,-88.8632
4.4866,33.4669,89.1144,-88.6926
5.0780,33.5001,89.0044,-88.5232
5.6683,33.5407,88.8825,-88.3551
6.2574,33.5886,88.7485,-88.1885
6.8451,33.6439,88.6025,-88.0235
7.4314,33.7064,88.4444,-87.8601
8.0162,33.7762,88.2744,-87.6986
8.5992,33.8533,88.0923,-87.5388
9.1805,33.9378,87.8981,-87.3811
9.7599,34.0295,87.6919,-87.2254
10.1127,34.5620,87.8188,-87.0521
10.1127,34.7388,87.9120,-87.0006
10.3504,35.0730,87.9669,-86.9172
10.3504,35.2599,88.0586,-86.8627
10.8248,36.1287,88.2224,-86.6404
10.8248,36.4152,88.3431,-86.5518
10.9476,36.5382,88.3316,-86.5871
10.9476,36.8376,88.4465,-86.5215
11.0615,36.9585,88.4381,-86.4796
11.0614,37.5602,88.6488,-86.3681
11.1840,37.6926,88.6355,-86.3458
11.1840,38.5075,88.8817,-86.1965
11.0615,38.5881,88.9605,-86.1672
11.0614,39.0086,89.0702,-86.1868
10.8248,39.3829,89.2641,-86.1838
10.7108,39.9985,89.4439,-86.1404
10.4120,40.4859,89.6565,-86.1713
10.1127,40.9836,89.8531,-86.2107
9.6981,41.3003,90.0518,-86.3138
9.2824,41.6249,90.2380,-86.4234
8.8657,41.9573,90.4119,-86.5376
8.4481,42.2972,90.5734,-86.6567
8.3235,42.2781,90.6099,-86.6813
7.8512,42.6693,90.7746,-86.8433
7.8512,42.7915,90.7822,-86.8513
7.6101,42.2878,90.8153,-87.0039
8.0919,41.8907,90.6451,-86.8686
8.2078,41.9078,90.6126,-86.8419
8.6259,41.5714,90.4492,-86.6999
9.0431,41.2424,90.2738,-86.5842
9.0431,41.1247,90.2589,-86.5893
9.2825,40.9471,90.1544,-86.6349
9.5213,40.4274,89.9874,-86.4988
9.7600,40.2484,89.8708,-86.5507
10.1127,39.6606,89.6197,-86.3961
10.1127,39.4437,89.5747,-86.4398
10.3504,39.0709,89.3917,-86.3895
10.3504,39.0709,89.3917,-86.3784
10.2361,39.1503,89.4580,-86.3472
10.1127,39.6606,89.6197,-86.3750
9.8835,39.9473,89.7663,-86.4133
9.7599,40.3644,89.8887,-86.4074
9.4063,40.6295,90.0613,-86.4909
9.2824,41.0569,90.1675,-86.4931
9.0433,41.2411,90.2758,-86.4412
9.0431,41.3519,90.2874,-86.5490
8.5666,41.6953,90.4812,-86.6687
8.0889,42.0478,90.6601,-86.8099
7.6101,42.4093,90.8241,-86.9563
7.8513,42.5554,90.7687,-86.9717
8.2077,42.2608,90.6429,-86.7855
8.3235,42.2781,90.6099,-86.7685
8.7725,41.9144,90.4379,-86.6165
9.2204,41.5593,90.2518,-86.4917
9.6671,41.2131,90.0516,-86.3719
10.1127,40.8758,89.8371,-86.2577
10.4736,40.1683,89.5747,-86.2233
10.7109,39.9971,89.4460,-86.2726
10.8248,39.3829,89.2641,-86.2016
11.0614,39.0086,89.0702,-86.1816
11.0614,38.5884,88.9600,-86.2129
11.1840,38.5072,88.8822,-86.2727
11.1840,37.6929,88.6350,-86.3264
11.0615,37.5599,88.6493,-86.3480
11.0614,36.9587,88.4376,-86.4652
10.9476,36.8373,88.4469,-86.4862
10.8248,36.1287,88.2224,-86.6484
10.7108,36.0028,88.2238,-86.6734
10.5878,35.5929,88.1004,-86.7796
10.3506,35.3503,88.1026,-86.8407
10.1127,34.5620,87.8188,-87.0464
9.4063,33.8708,87.7615,-87.3270
9.5213,34.4396,88.0228,-87.2316
9.7981,34.9263,88.1481,-87.0819
10.0745,35.4213,88.2596,-86.9407
10.3504,35.9245,88.3574,-86.7971
10.2361,36.0930,88.4818,-86.7356
10.4736,36.2456,88.4352,-86.7067
10.5878,36.6556,88.5448,-86.6380
10.7108,36.7847,88.5379,-86.6037
10.7108,37.2808,88.7157,-86.5069
10.8249,37.4100,88.7085,-86.4835
10.7108,37.5872,88.8200,-86.3878
10.8248,37.8169,88.8405,-86.3995
10.8248,38.7465,89.1080,-86.2690
10.7108,38.9323,89.2068,-86.2116
10.7108,38.7222,89.1514,-86.3028
10.8249,38.6373,89.0796,-86.3564
10.8248,38.0145,88.9014,-86.3820
10.7108,37.8906,88.9152,-86.4026
10.8249,37.8165,88.8410,-86.4676
10.7108,37.6859,88.8509,-86.4192
10.8248,37.4103,88.7079,-86.4657
10.7108,37.2805,88.7162,-86.4888
10.7108,36.7850,88.5373,-86.5846
10.5879,36.6553,88.5453,-86.6082
10.5878,36.4581,88.4693,-86.7001
10.3506,36.2181,88.4824,-86.7043
10.2361,36.2887,88.5605,-86.7357
10.2360,35.7076,88.3154,-86.8645
9.8835,35.0642,88.1772,-87.0458
9.6450,35.3028,88.3944,-87.0687
9.6450,35.5845,88.5242,-86.9895
9.2824,35.8089,88.7683,-87.0994
8.9278,36.3256,89.1136,-87.1338
8.9278,36.7256,89.2605,-87.1071
8.6881,37.0887,89.4728,-87.1184
8.6881,37.4995,89.6033,-87.0920
8.6881,37.0887,89.4728,-87.1134
8.8036,37.0105,89.4054,-87.1552
8.8035,36.7035,89.2989,-87.1277
8.9278,36.6285,89.2264,-87.1639
8.9278,36.2301,89.0771,-87.1444
9.2824,35.7083,88.7258,-87.1252
9.6450,35.4936,88.4810,-87.0527
9.6450,35.2028,88.3510,-87.1325
9.8835,35.0642,88.1772,-87.0461
9.8835,34.9738,88.1336,-87.0704
9.6452,34.7374,88.1244,-87.1041
9.5213,34.8031,88.2094,-87.1268
9.5213,34.8035,88.2088,-87.1806
9.4063,34.6907,88.2026,-87.1951
9.5213,34.7136,88.1642,-87.2244
9.6451,34.5523,88.0289,-87.2372
9.4063,34.2333,87.9632,-87.2860
8.8218,34.0969,88.1363,-87.4417
8.2354,33.9676,88.2971,-87.6097
7.6473,33.8456,88.4458,-87.7787
7.0575,33.7307,88.5823,-87.9487
6.4663,33.6232,88.7066,-88.1195
5.8736,33.5229,88.8187,-88.2912
5.2797,33.4298,88.9187,-88.4635
4.6847,33.3441,89.0064,-88.6363
4.0886,33.2658,89.0820,-88.8096
3.4917,33.1947,89.1454,-88.9832
2.8940,33.1310,89.1967,-89.1570
2.2956,33.0747,89.2358,-89.3309
1.6968,33.0258,89.2626,-89.5048
1.0976,32.9843,89.2774,-89.6786
0.4981,32.9502,89.2799,-89.8522
-0.1014,32.9236,89.2703,-90.0254
-0.7010,32.9044,89.2485,-90.1981
-1.3004,32.8926,89.2145,-90.3703
-1.8995,32.8883,89.1684,-90.5419
-2.0175,32.9872,89.2146,-90.5520
-2.0175,33.1701,89.3169,-90.5989
-2.3898,33.1863,89.2905,-90.5857
-2.3897,33.0044,89.1864,-90.6882
-2.5077,32.9156,89.1235,-90.6824
-2.2627,32.9975,89.1977,-90.7338
-2.8631,33.0135,89.1349,-90.8209
-3.4630,33.0362,89.0612,-90.9925
-4.0621,33.0664,88.9753,-91.1629
-4.6603,33.1040,88.8771,-91.3322
-5.2575,33.1492,88.7666,-91.5004
-5.8536,33.2018,88.6439,-91.6673
-6.4484,33.2618,88.5090,-91.8329
-7.0418,33.3294,88.3618,-91.9969
-7.6337,33.4044,88.2024,-92.1595
-8.2239,33.4868,88.0307,-92.3203
-8.8124,33.5767,87.8467,-92.4794
-8.8124,33.8415,88.0021,-92.5605
-8.6881,33.9138,88.0909,-92.5412
-8.5726,34.3485,88.3690,-92.5234
-8.6881,34.0018,88.1387,-92.5049
-8.8125,33.9367,88.0529,-92.4804
-8.2449,33.8194,88.2121,-92.3748
-7.6757,33.7084,88.3603,-92.2132
-7.1051,33.6043,88.4972,-92.0507
-6.5330,33.5070,88.6226,-91.8872
-5.9596,33.4165,88.7367,-91.7229
-5.3849,33.3329,88.8394,-91.5579
-4.8092,33.2561,88.9307,-91.3922
-4.2326,33.1862,89.0105,-91.2259
-3.6550,33.1232,89.0791,-91.0592
-3.0767,33.0670,89.1362,-90.8922
-2.4978,33.0178,89.1819,-90.7249
-1.9184,32.9756,89.2162,-90.5574
-1.3386,32.9402,89.2392,-90.3899
-0.7585,32.9118,89.2508,-90.2224
-0.1783,32.8903,89.2510,-90.0551
0.4020,32.8758,89.2398,-89.8880
0.9822,32.8683,89.2172,-89.7213
1.5622,32.8677,89.1832,-89.5550
2.1419,32.8741,89.1379,-89.3892
2.7211,32.8874,89.0812,-89.2241
3.2998,32.9078,89.0130,-89.0597
3.8778,32.9351,88.9335,-88.8962
4.4550,32.9694,88.8426,-88.7336
4.3375,33.0454,88.9109,-88.7161
4.4550,33.1504,88.9470,-88.7511
4.6990,33.0789,88.8562,-88.7277
4.8254,33.0921,88.8346,-88.6446
4.6990,33.1735,88.9090,-88.5996
4.6989,33.1739,88.9084,-88.6557
4.4551,33.1501,88.9475,-88.6456
4.3375,33.2275,89.0138,-88.7156
4.8253,33.4575,89.0380,-88.5963
4.3375,33.2279,89.0133,-88.7428
4.4550,33.1504,88.9469,-88.7592
4.3375,33.0455,88.9110,-88.7245
5.0058,33.1107,88.8041,-88.5723
5.6728,33.1849,88.6824,-88.3837
6.3382,33.2684,88.5455,-88.1965
7.0019,33.3611,88.3932,-88.0107
7.0019,33.5415,88.4971,-87.9644
6.5178,33.5684,88.6612,-88.1113
6.1585,33.8897,88.9369,-88.1803
5.1862,33.9558,89.2178,-88.4457
6.0417,33.8750,88.9614,-88.2255
6.4011,33.6409,88.7354,-88.1434
6.2843,33.4419,88.6613,-88.1757
6.0418,33.4109,88.7123,-88.1898
5.5557,33.1712,88.7049,-88.4097
5.3124,33.5086,88.9538,-88.4498
5.0691,33.6658,89.0977,-88.4197
4.8253,33.7387,89.1872,-88.5842
4.4552,33.7020,89.2481,-88.5691
3.9758,33.3804,89.1653,-88.8365
3.9758,33.2916,89.1172,-88.8507
4.4550,33.7034,89.2458,-88.6849
4.8255,33.7373,89.1896,-88.6835
5.4296,33.3385,88.8314,-88.4380
5.4296,33.1560,88.7296,-88.4645
6.0417,33.3239,88.6620,-88.2709
6.4011,33.5527,88.6871,-88.1504
6.8854,33.5253,88.5239,-88.0240
7.0019,33.4545,88.4473,-88.0407
6.8855,33.3439,88.4216,-88.0093
6.5180,33.2911,88.5082,-88.0384
5.7988,32.9336,88.5015,-88.3633
5.0690,32.8505,88.6371,-88.5656
4.3375,32.7787,88.7543,-88.7704
3.9758,32.9274,88.9113,-88.8630
3.7315,32.9072,88.9443,-88.8649
2.9975,33.4060,89.3325,-89.1133
3.2423,33.6064,89.4064,-89.1032
3.7314,33.6426,89.3465,-88.8983
3.8491,33.7414,89.3781,-88.8840
3.8491,33.7417,89.3776,-88.8504
3.7314,33.6423,89.3469,-88.8663
3.1154,33.5994,89.4180,-89.0718
2.9975,33.4951,89.3803,-89.0864
3.1154,33.2288,89.2205,-89.0850
3.6046,32.8981,88.9591,-88.9745
3.8491,32.9164,88.9292,-88.9713
4.3375,32.7787,88.7543,-88.7778
5.0690,32.8505,88.6371,-88.5746
5.7988,32.9336,88.5015,-88.3714
5.9158,33.0339,88.5298,-88.3509
6.1586,33.0643,88.4801,-88.3254
6.6434,33.3098,88.4774,-88.1090
6.0759,33.2240,88.5954,-88.2628
5.5072,33.1450,88.7022,-88.4239
4.9375,33.0727,88.7979,-88.5857
4.3667,33.0071,88.8824,-88.7482
3.7951,32.9483,88.9558,-88.9112
3.2227,32.8964,89.0180,-89.0746
2.6497,32.8512,89.0690,-89.2385
2.0762,32.8128,89.1089,-89.4025
1.5022,32.7812,89.1377,-89.5668
0.9280,32.7564,89.1553,-89.7311
0.3535,32.7385,89.1617,-89.8954
-0.2210,32.7274,89.1570,-90.0596
-0.7955,32.7231,89.1411,-90.2235
-1.3698,32.7257,89.1141,-90.3872
-1.9438,32.7351,89.0760,-90.5504
-2.5175,32.7514,89.0266,-90.7132
-3.0906,32.7744,88.9662,-90.8753
-3.6631,32.8044,88.8945,-91.0368
-4.2349,32.8411,88.8118,-91.1974
-4.8059,32.8847,88.7178,-91.3572
-5.3759,32.9351,88.6127,-91.5160
-5.9448,32.9923,88.4965,-91.6738
-6.5126,33.0564,88.3691,-91.8304
-7.0790,33.1272,88.2305,-91.9857
-7.6441,33.2049,88.0807,-92.1397
-8.2077,33.2894,87.9198,-92.2923
-8.4482,33.4168,87.9028,-92.3151
-8.4481,33.9585,88.2102,-92.4423
-8.4481,33.4175,87.9015,-92.3843
-7.8573,33.3777,88.1054,-92.2221
-7.2649,33.3456,88.2967,-92.0654
-6.6710,33.3214,88.4755,-91.9063
-6.0755,33.3050,88.6418,-91.7448
-5.4788,33.2963,88.7955,-91.5812
-4.8809,33.2954,88.9367,-91.4154
-4.2819,33.3022,89.0654,-91.2476
-3.6819,33.3167,89.1815,-91.0778
-3.0812,33.3390,89.2852,-90.9063
-2.4798,33.3690,89.3763,-90.7331
-1.8778,33.4066,89.4549,-90.5583
-1.2754,33.4519,89.5210,-90.3820
-0.6728,33.5048,89.5745,-90.2044
-1.1636,33.5140,89.5593,-90.3417
-1.2908,33.3300,89.4576,-90.3392
-1.1636,33.1420,89.3631,-90.3786
-1.4089,32.9647,89.2514,-90.3262
-1.5270,33.0577,89.2928,-90.4460
-1.5270,33.2410,89.3946,-90.4515
-1.7723,33.4342,89.4807,-90.4552
-2.0175,33.5417,89.5134,-90.6082
-2.6347,33.4744,89.4144,-90.7730
-2.8796,33.2143,89.2445,-90.8364
-2.8796,32.8494,89.0388,-90.8255
-2.8796,32.8494,89.0388,-90.8224
-2.8796,33.1175,89.1942,-90.8480
-2.5077,33.4677,89.4255,-90.7436
-2.0175,33.5417,89.5134,-90.6026
-1.5270,33.1529,89.3453,-90.4482
-1.5270,32.7877,89.1397,-90.4383
-1.8995,32.6204,89.0122,-90.5358
-2.2627,32.6347,88.9889,-90.5381
-2.3897,32.5493,88.9210,-90.6769
-3.1244,32.5915,88.8523,-90.8754
-3.2423,32.6918,88.8958,-90.8896
-3.6048,32.7166,88.8555,-90.9203
-4.2200,33.0353,88.9276,-91.2058
-4.0934,33.2056,89.0496,-91.2350
-3.7314,33.1773,89.0964,-91.0823
-3.1244,32.8646,89.0139,-90.8960
-3.6046,33.1677,89.1122,-91.0405
-3.9759,33.1953,89.0668,-91.0426
-4.0934,33.3016,89.1009,-91.1916
-4.2200,33.2171,89.0310,-91.1764
-4.3375,33.2277,89.0136,-91.2266
-4.2200,33.1293,88.9816,-91.2468
-4.4641,33.0565,88.8928,-91.1961
-3.9758,32.8338,88.8567,-91.1318
-3.2423,32.6922,88.8953,-90.9216
-3.1245,32.5912,88.8529,-90.9071
-2.3897,32.5493,88.9210,-90.6776
-2.2627,32.6357,88.9872,-90.6803
-1.8995,32.6204,89.0122,-90.5402
-1.7723,32.7019,89.0719,-90.5433
-1.1636,32.7775,89.1562,-90.3367
-0.8000,33.0403,89.3214,-90.2347
-0.6728,33.2216,89.4266,-90.2365
-0.0973,33.1810,89.4128,-90.0323
0.4782,33.1463,89.3890,-89.8644
1.0536,33.1186,89.3540,-89.6971
1.6288,33.0977,89.3077,-89.5306
2.2036,33.0837,89.2501,-89.3650
2.7781,33.0766,89.1813,-89.2004
3.3519,33.0764,89.1012,-89.0368
3.9251,33.0831,89.0098,-88.8745
4.4975,33.0967,88.9071,-88.7134
5.0690,33.1173,88.7932,-88.5537
5.6395,33.1448,88.6680,-88.3955
6.2088,33.1792,88.5316,-88.2388
6.7770,33.2206,88.3839,-88.0838
7.3438,33.2689,88.2248,-87.9305
7.9091,33.3242,88.0545,-87.7790
8.4730,33.3863,87.8730,-87.6294
9.0351,33.4555,87.6801,-87.4819
9.5955,33.5315,87.4759,-87.3364
10.1541,33.6145,87.2604,-87.1930
10.7108,33.7045,87.0336,-87.0520
10.9477,33.8502,86.9997,-87.0228
10.9476,33.9356,87.0500,-86.9323
10.8249,33.8218,87.0464,-86.9872
10.5880,33.8515,87.1883,-86.9674
10.7108,34.0580,87.2457,-86.9884
10.5879,34.2080,87.3963,-86.9248
10.5878,34.7545,87.6916,-86.9086
10.5878,34.7545,87.6916,-86.9117
10.5878,34.2090,87.3950,-86.9983
10.7108,34.1503,87.2998,-87.0290
10.4736,33.9185,87.2843,-87.0751
10.7108,33.5782,86.9550,-87.0719
10.9476,33.2472,86.6134,-87.0756
11.1842,33.4746,86.6356,-87.0165
11.1840,33.6416,86.7415,-86.9154
11.2977,33.7599,86.7524,-86.9304
11.2977,34.3754,87.1192,-86.8013
11.1840,34.4408,87.2178,-86.7669
11.1840,34.9807,87.5073,-86.7290
10.8248,35.3659,87.8800,-86.7528
10.8248,35.3659,87.8800,-86.7607
11.1840,34.8922,87.4614,-86.7525
11.1840,34.4411,87.2173,-86.8221
11.2977,34.3751,87.1197,-86.8574
11.2977,33.7602,86.7519,-86.9120
10.9476,33.3296,86.6681,-87.0632
10.3886,33.2052,86.8828,-87.1973
9.8276,33.0876,87.0862,-87.3413
9.2646,32.9769,87.2781,-87.4871
8.6999,32.8731,87.4587,-87.6344
8.1335,32.7763,87.6280,-87.7832
7.5655,32.6863,87.7859,-87.9334
6.9959,32.6033,87.9324,-88.0850
6.4250,32.5273,88.0677,-88.2378
5.8528,32.4582,88.1916,-88.3917
5.2794,32.3961,88.3042,-88.5467
4.7049,32.3409,88.4054,-88.7027
4.1295,32.2927,88.4954,-88.8595
3.5533,32.2515,88.5740,-89.0171
2.9764,32.2174,88.6413,-89.1753
2.3988,32.1902,88.6972,-89.3342
1.8208,32.1700,88.7419,-89.4935
1.2423,32.1568,88.7752,-89.6532
0.6637,32.1506,88.7973,-89.8132
0.0849,32.1514,88.8080,-89.9735
-0.4940,32.1592,88.8073,-90.1338
-1.0727,32.1740,88.7954,-90.2941
-1.6512,32.1958,88.7722,-90.4544
-2.2294,32.2247,88.7376,-90.6145
-2.8071,32.2604,88.6917,-90.7743
-3.3842,32.3032,88.6345,-90.9337
-3.9607,32.3529,88.5660,-91.0927
-4.5363,32.4097,88.4862,-91.2511
-5.1111,32.4733,88.3950,-91.4088
-5.6848,32.5439,88.2926,-91.5658
-6.2574,32.6214,88.1788,-91.7219
-6.8287,32.7059,88.0536,-91.8771
-7.3986,32.7972,87.9172,-92.0313
-7.9671,32.8955,87.7694,-92.1843
-7.7262,33.2081,88.0528,-92.1674
-7.7262,33.5668,88.2626,-92.1984
-7.9671,33.8757,88.3473,-92.3102
-7.9671,34.0585,88.4471,-92.3506
-8.2077,34.3741,88.5212,-92.4335
-8.2077,34.5602,88.6160,-92.4740
-8.6881,35.4053,88.8286,-92.6894
-8.6881,35.8952,89.0352,-92.7247
-9.0431,36.2511,89.0409,-92.8965
-8.9278,36.3253,89.1141,-92.9079
-8.6882,36.1866,89.1519,-92.8283
-8.8125,36.3046,89.1498,-92.7830
-8.8124,36.8096,89.3329,-92.8635
-8.9278,36.9274,89.3313,-92.9064
-8.9278,37.4116,89.4895,-92.9674
-8.9278,37.9028,89.6368,-93.0224
-8.9278,38.4012,89.7726,-93.0768
-8.9278,38.9066,89.8970,-93.1311
-8.8125,38.9980,89.9589,-93.1854
-8.8124,39.3188,90.0287,-93.1488
-8.6881,39.4023,90.0890,-93.1869
-8.5726,40.1579,90.2690,-93.1713
-8.2077,40.5473,90.4470,-93.0883
-8.0919,40.8625,90.5301,-93.1446
-7.6101,41.3602,90.7287,-92.9526
-7.4850,41.6930,90.7980,-92.8880
-7.0019,42.2077,90.9686,-92.8002
-6.8855,42.0802,90.9883,-92.7469
-6.8854,41.8464,90.9692,-92.6695
-7.2436,41.5407,90.8474,-92.7966
-7.6101,40.9031,90.6731,-92.8750
-7.6101,40.4590,90.6107,-92.8671
-7.8512,40.1535,90.4926,-92.9017
-7.8512,39.8229,90.4380,-92.8445
-7.4850,39.3304,90.4490,-92.7176
-7.4850,39.2167,90.4262,-92.6864
-7.2437,39.0773,90.4666,-92.6882
-7.1273,38.8444,90.4472,-92.5477
-6.4011,38.1044,90.4629,-92.2523
-6.2843,37.7736,90.4084,-92.1838
-6.4011,37.6794,90.3511,-92.1542
-6.4011,37.4687,90.2924,-92.1820
-6.6435,37.2897,90.1779,-92.1516
-7.0019,37.3389,90.0916,-92.3697
-7.1273,37.2558,90.0314,-92.3537
-7.3689,37.3899,90.0020,-92.4357
-7.2436,37.2723,90.0026,-92.4912
-7.6101,37.0204,89.8122,-92.5293
-7.7262,36.7260,89.6810,-92.4679
-7.7262,36.8332,89.7144,-92.5839
-7.2436,37.2726,90.0021,-92.4569
-7.0020,37.3381,90.0929,-92.4684
-6.5267,37.2760,90.2022,-92.2234
-6.4011,37.3681,90.2627,-92.2367
-6.4011,37.6797,90.3506,-92.2034
-6.2843,37.7747,90.4064,-92.2305
-6.4011,38.2153,90.4907,-92.2531
-7.1273,38.9491,90.4701,-92.5434
-7.1273,39.0619,90.4945,-92.5816
-7.2436,39.0778,90.4656,-92.5597
-7.4850,39.3304,90.4490,-92.7251
-7.4850,39.4360,90.4701,-92.7295
-7.8512,39.9310,90.4547,-92.8850
-7.8512,40.1529,90.4936,-92.9404
-7.6101,40.4590,90.6107,-92.8641
-7.6101,40.9031,90.6731,-92.8785
-7.3690,41.0966,90.7664,-92.9479
-7.2436,41.4296,90.8357,-92.7874
-6.8854,41.8470,90.9682,-92.7211
-6.8854,42.0798,90.9888,-92.7381
-7.1274,42.2231,90.9394,-92.7296
-7.1273,42.1109,90.9294,-92.8081
-7.4850,41.8046,90.8087,-92.9060
-7.6102,41.4779,90.7442,-92.8581
-8.0919,40.9732,90.5422,-93.0523
-8.5726,40.1579,90.2690,-93.1403
-8.5726,39.8205,90.2115,-93.0890
-8.6881,39.7346,90.1550,-93.1102
-8.6881,39.4027,90.0885,-93.1320
-8.8125,39.3185,90.0292,-93.0933
-8.8124,38.9983,89.9583,-93.1292
-8.9278,38.9063,89.8975,-93.0901
-8.9278,38.4012,89.7726,-93.1080
-8.9278,37.9028,89.6368,-93.0562
-8.9278,37.4116,89.4895,-93.0002
-8.9278,36.9276,89.3309,-92.9438
-8.8125,36.8094,89.3334,-92.9026
-8.8124,36.4081,89.1882,-92.8466
-9.0433,36.2498,89.0429,-92.7736
-9.2824,36.2957,88.9643,-92.9673
-8.9282,36.1263,89.0396,-92.9346
-8.6881,35.8952,89.0352,-92.7322
-8.6881,35.4053,88.8286,-92.6931
-8.4481,35.0788,88.7726,-92.5692
-8.4481,34.8879,88.6850,-92.5263
-8.0919,34.2649,88.5081,-92.3775
-8.0919,34.0794,88.4124,-92.3365
-7.7262,33.5668,88.2626,-92.1984
-7.7262,33.2923,88.1064,-92.1385
-7.9671,33.0711,87.8794,-92.2069
-8.5681,33.0015,87.5967,-92.3438
-9.1672,32.9419,87.2993,-92.4779
-9.2824,33.1373,87.3754,-92.5333
-9.2824,33.6671,87.6981,-92.6135
-9.4063,33.8700,87.7628,-92.6623
-9.8835,34.1489,87.7019,-92.8236
-10.2364,34.2230,87.5792,-92.8171
-10.3592,34.3384,87.5805,-92.9707
-11.0614,34.5928,87.3656,-93.1711
-11.1840,34.7091,87.3650,-93.2041
-11.0615,34.7746,87.4640,-93.2659
-10.4736,34.6406,87.6878,-93.0484
-10.3593,34.5202,87.6799,-93.0146
-9.8835,34.4185,87.8490,-92.8695
-9.7599,34.3046,87.8448,-92.8405
-9.1672,34.0919,87.9894,-92.6451
-9.1672,34.3684,88.1410,-92.7217
-9.0432,34.4348,88.2250,-92.6996
-9.1672,34.6437,88.2811,-92.6971
-8.9278,34.8770,88.4920,-92.6845
-8.9278,35.1632,88.6298,-92.7599
-8.8125,35.2353,88.7055,-92.7371
-9.0431,34.8985,88.4559,-92.7101
-9.6450,35.1133,88.3058,-92.8961
-10.2360,35.5165,88.2297,-93.1074
-9.6406,35.1579,88.3288,-92.9113
-9.0431,34.8079,88.4120,-92.7072
-9.0431,34.7106,88.3644,-92.6743
-9.2825,34.6659,88.2439,-92.6616
-9.8790,35.0181,88.1569,-92.9452
-10.4736,35.3782,88.0553,-93.1487
-9.9408,35.0309,88.1354,-92.9711
-9.4063,34.6909,88.2021,-92.7862
-9.1674,34.6439,88.2808,-92.7880
-9.0432,34.5241,88.2709,-92.6767
-9.1672,34.1865,88.0409,-92.6510
-9.4064,34.1379,87.9130,-92.6203
-9.8835,34.4185,87.8490,-92.8628
-10.4736,34.5931,87.6626,-93.0315
-11.0614,34.7750,87.4635,-93.2009
-11.1840,34.8919,87.4619,-93.2334
-11.2977,34.7358,87.3203,-93.1877
-11.1840,34.6216,87.3176,-93.2391
-10.8253,34.5362,87.4599,-93.2183
-10.3592,34.2513,87.5322,-92.9591
-9.8835,34.1489,87.7019,-92.8303
-9.6452,33.9180,87.6838,-92.7749
-9.5213,33.8938,87.7236,-92.7323
-9.2825,33.6659,87.7002,-92.6472
-9.2824,33.1382,87.3742,-92.5349
-8.6863,32.9189,87.4942,-92.3684
-8.0883,32.7075,87.6009,-92.1970
-7.4886,32.5040,87.6942,-92.0260
-6.8872,32.3083,87.7742,-91.8556
-6.2843,32.1207,87.8409,-91.6859
-6.4011,32.4818,88.0456,-91.7475
-6.5268,32.5891,88.0766,-91.7666
-6.5267,32.7578,88.1839,-91.8315
-6.6434,32.8660,88.2138,-91.8233
-6.6434,33.1284,88.3747,-91.9106
-6.8854,33.4379,88.4747,-91.9776
-6.8854,33.8031,88.6763,-92.0008
-6.7689,33.8750,88.7514,-92.0300
-6.7689,34.3870,89.0113,-92.0238
-6.7689,34.9092,89.2563,-92.0712
-6.6434,34.9917,89.3305,-92.1068
-6.6434,35.5777,89.5774,-92.0959
-6.5268,35.6571,89.6423,-92.1293
-6.5267,35.9522,89.7559,-92.0999
-6.4011,36.0395,89.8232,-92.1270
-6.4011,36.6480,90.0367,-92.1129
-6.2843,36.7318,90.0952,-92.1464
-6.2843,36.7321,90.0947,-92.0829
-6.4011,36.6477,90.0371,-92.0768
-6.4011,36.0399,89.8226,-92.0838
-6.5268,35.9518,89.7564,-92.0498
-6.5267,35.6574,89.6419,-92.0826
-6.6434,35.5774,89.5779,-92.0577
-6.6434,34.9920,89.3299,-92.0635
-6.7689,34.9088,89.2569,-92.0298
-6.7689,34.3870,89.0113,-92.0413
-6.7689,33.8754,88.7510,-91.9929
-6.8855,33.8028,88.6767,-91.9609
-6.8854,33.4379,88.4747,-91.9764
-6.7689,33.3272,88.4490,-91.9506
-6.6434,32.7747,88.1565,-91.8444
-6.5268,32.6735,88.1302,-91.8220
-6.5267,32.4983,88.0187,-91.7584
-5.9212,32.3843,88.1244,-91.6193
-5.3143,32.2773,88.2183,-91.4527
-4.7062,32.1781,88.2995,-91.2858
-4.0970,32.0868,88.3679,-91.1187
-3.4869,32.0033,88.4235,-90.9515
-2.8760,31.9276,88.4664,-90.7843
-2.2645,31.8598,88.4965,-90.6173
-1.6524,31.8000,88.5138,-90.4505
-1.0400,31.7481,88.5184,-90.2841
-0.4273,31.7041,88.5102,-90.1181
-0.8000,31.8821,88.6185,-90.2163
-1.0454,31.8025,88.5565,-90.2161
-1.1636,31.8893,88.6069,-90.2955
-1.2908,31.7188,88.4864,-90.3132
-1.6543,31.7296,88.4693,-90.3528
-1.7723,31.6524,88.4036,-90.4787
-2.0176,31.6616,88.3889,-90.4753
-2.5077,31.5148,88.2312,-90.6640
-2.9975,31.5434,88.1855,-90.7937
-3.4869,31.4080,88.0106,-90.9135
-4.4641,31.4908,87.8785,-91.1664
-4.7080,31.5950,87.9002,-91.1822
-4.9517,31.7904,87.9790,-91.3225
-4.9517,31.8786,88.0408,-91.3311
-5.4296,32.1863,88.1285,-91.4699
-5.6728,32.5638,88.3084,-91.5723
-5.7988,33.1131,88.6074,-91.6461
-6.1585,33.6092,88.7877,-91.8000
-6.4011,34.3862,89.1184,-91.9278
-6.2843,34.1817,89.0524,-91.8924
-6.2843,33.9043,88.9123,-91.8197
-6.0417,33.5062,88.7638,-91.7435
-6.0417,33.3232,88.6630,-91.7147
-5.7988,33.0198,88.5528,-91.6341
-5.6728,32.4793,88.2547,-91.5626
-5.4296,32.1032,88.0728,-91.4606
-5.3125,32.0897,88.0946,-91.4663
-4.8253,31.6077,87.8799,-91.2719
-4.5816,31.5014,87.8616,-91.2583
-3.4869,31.4080,88.0106,-90.9200
-2.9975,31.5434,88.1855,-90.7980
-2.5077,31.5148,88.2312,-90.6682
-2.3897,31.5905,88.2991,-90.6731
-2.1447,31.5784,88.3184,-90.6338
-1.6542,31.7310,88.4670,-90.4486
-1.2909,31.7183,88.4873,-90.4463
-0.9182,31.8842,88.6151,-90.2520
-1.4998,31.7802,88.5120,-90.4032
-2.0811,31.6841,88.3966,-90.5566
-2.6619,31.5959,88.2687,-90.7074
-3.2423,31.5156,88.1284,-90.8556
-3.8219,31.4434,87.9758,-91.0012
-4.4008,31.3792,87.8107,-91.1440
-4.9788,31.3232,87.6332,-91.2839
-5.5557,31.2752,87.4433,-91.4210
-5.9158,31.8205,87.7422,-91.5679
-6.0417,32.1778,87.9526,-91.6273
-5.9158,31.7330,87.6796,-91.5556
-5.3254,31.6658,87.7959,-91.4037
-4.7339,31.6060,87.9002,-91.2498
-4.1413,31.5538,87.9925,-91.0951
-3.5479,31.5090,88.0728,-90.9396
-2.9538,31.4718,88.1410,-90.7834
-2.3589,31.4421,88.1973,-90.6267
-1.7636,31.4199,88.2415,-90.4695
-1.1679,31.4052,88.2738,-90.3119
-0.5720,31.3981,88.2940,-90.1541
0.0241,31.3985,88.3023,-89.9961
0.6202,31.4063,88.2985,-89.8380
1.2161,31.4218,88.2827,-89.6800
1.8118,31.4447,88.2550,-89.5221
2.4071,31.4751,88.2152,-89.3644
3.0019,31.5131,88.1634,-89.2071
3.5960,31.5585,88.0996,-89.0502
4.1893,31.6115,88.0238,-88.8938
4.7818,31.6719,87.9360,-88.7381
5.3732,31.7398,87.8362,-88.5832
5.9635,31.8151,87.7244,-88.4291
6.5525,31.8979,87.6005,-88.2759
7.1401,31.9881,87.4647,-88.1237
7.7262,32.0858,87.3168,-87.9727
7.7262,32.2542,87.4370,-87.9247
7.3691,32.1956,87.5315,-87.9468
7.1273,31.9900,87.4705,-88.1278
6.4639,31.8932,87.6258,-88.2923
5.7988,31.8058,87.7657,-88.4652
5.6728,31.7025,87.7284,-88.4850
5.5557,31.7760,87.8134,-88.4940
5.3126,31.7475,87.8591,-88.5345
4.8253,31.8657,88.0615,-88.7072
4.3375,31.8183,88.1377,-88.8368
4.2200,31.8899,88.2119,-88.8266
3.9758,31.8684,88.2465,-88.8687
3.4869,32.0033,88.4235,-89.0490
3.3601,31.9104,88.3831,-89.0612
2.9975,32.0601,88.5367,-89.1779
2.9975,32.0601,88.5367,-89.1802
3.2423,31.9851,88.4527,-89.1895
3.3601,31.8212,88.3222,-89.0907
3.4869,32.0024,88.4248,-89.0762
3.6047,31.9283,88.3542,-89.0584
3.8491,31.9473,88.3238,-89.0206
4.3375,31.8183,88.1377,-88.8413
4.8253,31.8657,88.0615,-88.7119
4.9427,31.7891,87.9810,-88.7246
5.1863,31.8151,87.9394,-88.6820
5.6728,31.7028,87.7279,-88.5113
5.7988,31.8055,87.7662,-88.4926
6.4639,31.8932,87.6258,-88.2983
7.1273,31.9900,87.4705,-88.1270
7.6101,32.2358,87.4668,-87.9812
7.7262,32.1666,87.3749,-88.0038
7.4850,31.9591,87.3177,-88.0484
6.9437,31.6676,87.3005,-88.2024
6.4011,31.3843,87.2700,-88.3619
6.1586,31.4299,87.3841,-88.3434
5.5527,31.3544,87.5044,-88.5680
4.9457,31.2859,87.6133,-88.7225
4.3375,31.2253,87.7095,-88.8781
4.2200,31.3004,87.7919,-88.8670
3.7314,31.2592,87.8574,-89.0288
3.6047,31.3294,87.9333,-89.0199
3.3601,31.3110,87.9627,-89.0626
2.8706,31.4476,88.1356,-89.2398
2.6257,31.6019,88.2806,-89.2249
2.6257,31.7748,88.3967,-89.2920
2.5077,31.8576,88.4679,-89.2840
2.6257,32.2134,88.6851,-89.2713
2.5077,32.1156,88.6375,-89.2824
2.5077,31.8563,88.4696,-89.3358
2.6257,31.7745,88.3972,-89.3261
2.6257,31.5196,88.2232,-89.3104
3.2423,31.3033,87.9749,-89.1555
4.2200,31.3007,87.7913,-88.9084
4.3375,31.2249,87.7100,-88.9173
4.9457,31.2859,87.6133,-88.7271
5.5527,31.3544,87.5044,-88.5726
6.1585,31.4308,87.3828,-88.4189
6.4012,31.3834,87.2712,-88.4358
7.0019,31.7164,87.3162,-88.1869
7.2437,31.7530,87.2578,-88.1878
7.6101,32.0666,87.3476,-87.9924
7.0353,31.9416,87.4685,-88.1490
6.4590,31.8238,87.5777,-88.3013
5.8814,31.7130,87.6753,-88.4540
5.3026,31.6095,87.7613,-88.6070
4.7227,31.5131,87.8357,-88.7603
4.1419,31.4239,87.8984,-88.9136
3.5602,31.3419,87.9496,-89.0670
2.9777,31.2672,87.9891,-89.2204
2.3947,31.1997,88.0169,-89.3736
1.8111,31.1395,88.0332,-89.5265
1.2272,31.0866,88.0378,-89.6790
0.6430,31.0410,88.0309,-89.8311
0.0587,31.0027,88.0123,-89.9827
-0.5256,30.9718,87.9820,-90.1336
-1.1099,30.9482,87.9402,-90.2838
-1.6939,30.9320,87.8867,-90.4332
-2.2775,30.9231,87.8216,-90.5816
-2.8607,30.9217,87.7449,-90.7290
-3.4432,30.9276,87.6566,-90.8754
-4.0251,30.9409,87.5566,-91.0205
-4.6061,30.9617,87.4450,-91.1644
-5.1862,30.9898,87.3218,-91.3068
-5.0690,30.8923,87.2755,-91.2943
-5.0690,30.9766,87.3426,-91.2852
-5.1863,31.0680,87.3843,-91.2924
-5.3124,31.4123,87.6137,-91.3758
-5.0691,31.5510,87.7822,-91.4088
-4.7080,31.3474,87.7171,-91.2126
-4.7080,31.3474,87.7171,-91.2221
-4.5815,31.2483,87.6730,-91.2074
-3.8491,31.1027,87.7170,-90.9919
-3.7314,31.0134,87.6716,-90.9787
-3.6047,31.0828,87.7485,-90.9624
-3.4869,30.9945,87.7016,-90.9129
-2.5077,30.9319,87.8006,-90.6458
-2.3897,31.0049,87.8719,-90.6492
-1.8995,30.9828,87.9070,-90.4910
-1.7723,31.0574,87.9760,-90.4946
-0.8000,31.1176,88.0824,-90.2121
-0.3091,31.3612,88.2734,-90.0838
-0.3091,31.5307,88.3946,-90.0833
-0.0636,31.6185,88.4579,-90.0835
-0.0636,31.7918,88.5736,-90.0184
0.0636,31.8751,88.6298,-90.0173
0.0636,31.8754,88.6293,-89.9780
-0.0636,31.7013,88.5145,-89.9836
-0.6728,31.1963,88.1452,-90.1738
-1.1636,31.1252,88.0704,-90.3012
-1.2908,31.0416,88.0010,-90.2997
-2.3897,31.0052,87.8714,-90.6114
-2.5077,30.9315,87.8011,-90.6090
-3.4869,30.9948,87.7011,-90.8887
-3.6046,31.0829,87.7484,-90.9020
-3.7314,31.0133,87.6716,-90.9193
-3.8491,31.1024,87.7175,-90.9686
-4.5815,31.2486,87.6725,-91.1794
-5.0690,31.5524,87.7801,-91.3258
-5.3125,31.4109,87.6158,-91.2965
-5.1862,31.2325,87.5111,-91.3266
-5.2836,30.8366,87.1721,-91.3259
-5.3809,30.4506,86.8199,-91.3132
-5.4783,30.0746,86.4546,-91.2989
-5.5755,29.7086,86.0761,-91.2833
-5.6728,29.3528,85.6844,-91.2663
-5.7988,29.6628,85.9594,-91.3192
-6.0417,29.9220,86.1322,-91.4021
-6.0417,30.0728,86.2769,-91.4336
-6.0417,30.0736,86.2759,-91.4136
-6.0417,29.9212,86.1332,-91.3808
-5.7988,29.6628,85.9594,-91.3168
-5.9158,29.6064,85.8649,-91.3030
-6.1586,29.7098,85.8868,-91.3559
-6.4639,30.1291,86.1825,-91.5145
-6.7689,30.5588,86.4634,-91.6309
-6.8854,30.8912,86.7070,-91.6916
-6.7689,30.5588,86.4634,-91.6296
-6.6434,30.4593,86.4213,-91.6092
-6.6434,30.3044,86.2821,-91.5488
-6.4011,29.9715,86.0553,-91.4788
-6.1586,29.7865,85.9640,-91.4465
-6.0417,29.4766,85.6887,-91.3510
-5.9158,29.3839,85.6366,-91.3327
-5.7988,29.5141,85.8118,-91.3469
-5.7065,29.1594,85.4676,-91.2487
-5.6143,28.8126,85.1126,-91.1921
-5.5219,28.4750,84.7458,-91.1369
-5.4296,28.1465,84.3669,-91.0829
-5.4296,28.3466,84.6245,-91.1284
-5.6729,28.5128,84.7432,-91.1316
-5.6728,28.6500,84.9055,-91.2035
-6.1585,29.1297,85.2775,-91.3381
-6.2843,29.5100,85.6373,-91.4013
-6.6434,30.0066,86.0009,-91.5384
-6.8855,30.1929,86.0902,-91.5713
-6.8854,30.4212,86.2973,-91.6333
-7.2436,30.8645,86.5502,-91.7731
-6.8854,30.3414,86.2246,-91.6251
-6.8854,30.1935,86.0891,-91.5893
-7.0019,30.1332,85.9865,-91.5895
-6.8855,30.1155,86.0142,-91.6312
-6.6435,29.9274,85.9276,-91.5595
-6.5267,29.6914,85.7337,-91.4744
-6.2844,29.5087,85.6393,-91.4387
-6.1585,29.0615,85.2021,-91.3277
-5.9159,28.8866,85.0963,-91.2916
-5.6728,28.5142,84.7412,-91.1678
-5.4297,28.3471,84.6242,-91.1375
-4.8587,28.3256,84.7766,-90.9943
-4.2869,28.3103,84.9196,-90.8822
-3.7142,28.3027,85.0511,-90.7686
-3.1408,28.3028,85.1712,-90.6534
-2.5667,28.3105,85.2798,-90.5368
-1.9921,28.3258,85.3770,-90.4188
-1.4171,28.3487,85.4627,-90.2995
-0.8418,28.3793,85.5370,-90.1790
-0.2664,28.4174,85.5998,-90.0574
0.3091,28.4631,85.6512,-89.9347
0.8846,28.5163,85.6912,-89.8111
1.4598,28.5771,85.7198,-89.6865
2.0348,28.6453,85.7369,-89.5612
2.6093,28.7211,85.7426,-89.4351
3.1834,28.8043,85.7369,-89.3083
3.7567,28.8949,85.7197,-89.1810
4.3294,28.9930,85.6911,-89.0532
4.9012,29.0984,85.6511,-88.9250
5.4720,29.2112,85.5996,-88.7965
6.0417,29.3313,85.5368,-88.6677
6.1585,29.3471,85.5125,-88.6676
6.5806,29.6993,85.7216,-88.5088
7.0019,30.0609,85.9165,-88.3771
7.0019,30.2114,86.0613,-88.3433
7.4850,30.9036,86.4887,-88.1694
7.8512,31.2066,86.5934,-88.0473
8.2077,31.7499,86.8745,-87.9000
8.2077,31.9143,86.9998,-87.8554
8.4482,32.1238,87.0535,-87.8404
8.4481,32.2923,87.1728,-87.7429
8.8035,32.8716,87.4134,-87.6099
8.8035,33.3970,87.7435,-87.5552
8.9278,33.5057,87.7568,-87.5185
8.9278,33.9318,88.0018,-87.4522
8.9278,34.3656,88.2358,-87.3961
8.9278,34.8073,88.4583,-87.3403
8.9278,35.2568,88.6694,-87.2847
8.8036,35.3331,88.7530,-87.2392
8.8035,35.8142,88.9585,-87.2503
8.6881,35.8948,89.0357,-87.2065
8.5637,36.6616,89.3714,-87.2039
8.4481,36.7463,89.4429,-87.1824
8.4481,37.1538,89.5790,-87.2005
8.3235,37.2316,89.6474,-87.1615
8.4481,37.4581,89.6762,-87.1865
8.3235,37.5376,89.7419,-87.1243
8.3235,37.7455,89.8037,-87.1527
8.5638,37.8937,89.7644,-87.1491
8.6881,37.8068,89.6954,-87.0877
9.0431,37.8692,89.5851,-86.9347
9.5213,37.7496,89.3686,-86.8067
9.9981,37.3340,89.0444,-86.7187
10.1128,37.0559,88.9044,-86.7965
10.1127,37.2595,88.9712,-86.6950
9.6450,37.7732,89.3270,-86.7431
9.1672,37.7914,89.5164,-86.8901
9.0432,37.8689,89.5856,-86.8718
8.6881,37.8071,89.6948,-87.0398
8.4482,37.9746,89.8276,-86.9891
8.2701,38.5828,90.0427,-87.0901
8.0919,39.2021,90.2404,-87.0854
7.8512,39.4894,90.3728,-87.1405
7.8512,39.7090,90.4158,-87.1043
7.4850,40.3249,90.6256,-87.1852
6.7599,41.0188,90.9126,-87.4164
6.7599,41.1375,90.9270,-87.3833
6.2843,41.5429,91.0826,-87.5248
6.2843,42.0092,91.1238,-87.5259
6.1585,42.1078,91.1599,-87.4900
6.1585,43.1716,91.2178,-87.5119
6.4400,43.7647,91.1712,-87.3141
6.7211,44.3642,91.1107,-87.1543
7.0019,44.9700,91.0365,-86.9965
7.0019,45.2165,91.0307,-86.9921
6.1585,45.1225,91.2204,-87.3814
6.8854,45.2032,91.0575,-87.0394
7.0019,45.0885,91.0340,-87.0862
6.7211,44.4850,91.1100,-87.1606
6.4400,43.8873,91.1728,-87.3474
6.1585,43.2960,91.2219,-87.5020
6.1585,42.6987,91.1970,-87.5014
6.1585,42.1081,91.1594,-87.5371
6.2843,42.0089,91.1243,-87.5812
6.2843,41.5429,91.0826,-87.5393
6.4011,41.3241,91.0348,-87.5881
6.7629,40.9486,90.9032,-87.4250
7.1243,40.5792,90.7615,-87.3235
7.4850,40.2169,90.6085,-87.2245
7.7262,39.7703,90.4630,-87.1764
7.9671,39.3310,90.3059,-87.1342
8.2077,38.8991,90.1373,-87.0951
8.2077,38.5715,90.0629,-87.1587
8.3235,38.4883,90.0025,-87.1354
8.3235,38.1662,89.9191,-87.1153
8.4481,38.0847,89.8560,-87.1512
8.4481,37.8744,89.7983,-87.1279
8.3235,37.7458,89.8032,-87.1334
8.3235,37.2319,89.6469,-87.2040
8.4481,37.1535,89.5795,-87.2507
8.4481,36.7466,89.4424,-87.2263
8.5637,36.6613,89.3719,-87.2657
8.5637,36.2612,89.2246,-87.2465
8.6881,36.1869,89.1511,-87.2844
8.6881,35.8952,89.0352,-87.2558
8.8036,35.8139,88.9590,-87.2922
8.8035,35.3334,88.7524,-87.2855
8.9278,35.2564,88.6699,-87.3283
8.9278,34.8073,88.4583,-87.3180
8.9278,34.3656,88.2358,-87.3729
8.9278,33.9318,88.0018,-87.4299
8.9278,33.5060,87.7563,-87.4870
8.8036,33.3967,87.7440,-87.5213
8.8035,32.8716,87.4134,-87.6150
8.6881,32.7665,87.3944,-87.6353
8.6881,32.5945,87.2798,-87.7082
8.4481,32.2119,87.1141,-87.7879
8.2079,32.0000,87.0645,-87.8301
8.2077,31.8346,86.9402,-87.9218
7.8512,31.2839,86.6564,-88.0465
7.4850,30.9857,86.5582,-88.1695
7.0019,30.2855,86.1287,-88.3579
7.0019,30.1328,85.9870,-88.3949
6.4264,29.9594,86.0346,-88.5140
5.8496,29.7929,86.0710,-88.6546
5.2716,29.6341,86.0951,-88.7941
4.6926,29.4831,86.1070,-88.9327
4.1125,29.3398,86.1067,-89.0700
3.5316,29.2044,86.0942,-89.2062
2.9500,29.0769,86.0695,-89.3409
2.3678,28.9573,86.0325,-89.4743
1.7851,28.8457,85.9833,-89.6061
1.2021,28.7422,85.9219,-89.7363
0.6187,28.6466,85.8483,-89.8648
0.0353,28.5592,85.7624,-89.9916
-0.5482,28.4799,85.6643,-90.1164
-1.1315,28.4087,85.5539,-90.2394
-1.7146,28.3458,85.4313,-90.3602
-2.2974,28.2911,85.2965,-90.4790
-2.8796,28.2446,85.1493,-90.5956
-2.8796,28.3811,85.3136,-90.6128
-3.1244,28.6048,85.5256,-90.6713
-3.1244,28.7453,85.6847,-90.6857
-3.2423,28.7543,85.6712,-90.6755
-3.1245,28.6722,85.6025,-90.6948
-3.1244,28.5366,85.4497,-90.6530
-2.7091,28.2481,85.1826,-90.5566
-2.2935,27.9683,84.9030,-90.4590
-1.8777,27.6980,84.6102,-90.3655
-1.4616,27.4375,84.3039,-90.2762
-1.0454,27.1867,83.9843,-90.1912
-1.5270,27.4530,84.3188,-90.2933
-1.5270,27.5759,84.4880,-90.3021
-1.7723,27.7145,84.6480,-90.3060
-1.8995,27.7211,84.6383,-90.3533
-1.5270,27.5146,84.4032,-90.2914
-1.4089,27.3202,84.1505,-90.2831
-1.1636,27.1882,83.9819,-90.2582
-0.5518,27.1727,83.9905,-90.1035
0.0601,27.1643,83.9884,-89.9892
0.6721,27.1645,83.9736,-89.8750
1.2838,27.1732,83.9461,-89.7611
1.8953,27.1905,83.9059,-89.6475
2.5063,27.2163,83.8529,-89.5343
3.1168,27.2507,83.7873,-89.4216
3.7265,27.2937,83.7089,-89.3094
4.3354,27.3451,83.6177,-89.1980
4.9434,27.4052,83.5138,-89.0873
5.5502,27.4737,83.3972,-88.9775
6.1558,27.5507,83.2678,-88.8686
6.7599,27.6363,83.1256,-88.7607
6.8855,27.6560,83.0962,-88.7614
7.3688,27.9838,83.3347,-88.6078
7.4851,28.1894,83.5673,-88.5506
7.9671,28.4730,83.6969,-88.4318
8.0919,28.8935,84.1651,-88.3505
8.4481,29.1624,84.3038,-88.2389
8.8035,29.6506,84.6716,-88.0991
9.2824,30.1051,84.8987,-87.9333
9.6450,30.7035,85.2935,-87.7700
9.8836,30.9003,85.3501,-87.7205
10.1127,31.2600,85.5449,-87.5852
10.1127,31.4149,85.6816,-87.5261
9.7599,30.8012,85.3228,-87.7281
9.5215,30.5976,85.2629,-87.7812
9.2248,30.1659,84.9922,-87.9369
8.9278,29.7440,84.7076,-88.0618
8.6882,29.5530,84.6282,-88.1085
8.4481,29.2337,84.3872,-88.2304
8.0919,28.9587,84.2440,-88.3393
7.9671,28.5359,83.7790,-88.4228
7.6101,28.2796,83.6219,-88.5281
7.4851,28.2576,83.6550,-88.5236
7.4850,28.1291,83.4818,-88.5935
6.8822,27.9898,83.5756,-88.6873
6.2778,27.8580,83.6574,-88.8056
5.6720,27.7348,83.7263,-88.9238
5.0649,27.6200,83.7822,-89.0418
4.4567,27.5138,83.8252,-89.1595
3.8474,27.4162,83.8552,-89.2768
3.2373,27.3272,83.8723,-89.3936
2.6265,27.2468,83.8765,-89.5098
2.0150,27.1751,83.8677,-89.6253
1.4031,27.1121,83.8459,-89.7401
0.7909,27.0578,83.8113,-89.8540
1.0364,27.1850,83.9867,-89.8499
1.5270,27.2009,83.9632,-89.7150
1.5270,27.2009,83.9632,-89.7147
1.0363,27.1865,83.9846,-89.8060
0.7909,27.1162,83.9000,-89.8093
0.8546,26.6982,83.2540,-89.8485
0.9182,26.3000,82.5834,-89.8464
0.9182,26.6387,83.1541,-89.8402
0.4273,26.7488,83.3537,-89.9240
0.3091,27.1110,83.9076,-89.9442
0.1818,27.1742,84.0028,-89.9417
-0.0636,27.1736,84.0038,-89.9675
-0.4273,27.3625,84.2639,-90.0858
-0.9182,27.4360,84.3441,-90.1763
-1.1636,27.6329,84.5934,-90.2315
-1.1636,27.7630,84.7660,-90.2350
-1.8995,27.9863,84.9771,-90.3851
-1.8995,28.1205,85.1445,-90.3968
-2.1446,28.4073,85.4531,-90.4564
-2.5077,28.6339,85.6610,-90.5455
-2.5077,28.7072,85.7430,-90.5469
-3.2423,29.1119,86.0543,-90.7228
-3.2423,29.2580,86.2062,-90.7427
-3.4869,29.5753,86.4728,-90.8104
-4.0934,30.0044,86.7499,-90.9726
-4.3375,30.3661,87.0156,-91.0606
-4.5815,30.7361,87.2695,-91.1468
-4.8253,31.1143,87.5118,-91.2356
-4.9517,31.1274,87.4910,-91.2306
-4.6658,30.7187,87.2351,-91.1573
-4.3797,30.3195,86.9655,-91.0595
-4.0934,29.9302,86.6819,-90.9646
-3.6046,29.6628,86.5339,-90.8399
-3.2423,29.1879,86.1328,-90.7240
-3.2423,29.0410,85.9819,-90.7102
-2.9976,28.9489,85.9286,-90.7114
-2.5077,28.6339,85.6610,-90.5404
-2.5077,28.5658,85.5849,-90.5329
-2.1446,28.3405,85.3753,-90.4453
-1.8995,27.9863,84.9771,-90.3834
-1.4089,27.7710,84.7543,-90.2810
-1.2908,27.7672,84.7599,-90.2806
-1.1636,27.6953,84.6769,-90.2517
-1.1636,27.5648,84.5047,-90.2220
-0.8000,27.3677,84.2562,-90.1487
-0.5546,27.3632,84.2628,-90.1531
-0.1818,27.1746,84.0023,-90.0301
0.0636,27.1736,84.0038,-90.0342
0.3091,27.0517,83.8203,-89.9406
0.4273,26.7488,83.3537,-89.9230
0.9182,26.5827,83.0626,-89.8413
0.3192,26.5227,82.9904,-89.9449
-0.2798,26.4713,82.9055,-90.0475
-0.8788,26.4286,82.8080,-90.1487
-1.4776,26.3946,82.6978,-90.2483
-2.0760,26.3693,82.5750,-90.3462
-2.6740,26.3527,82.4395,-90.4423
-3.2715,26.3448,82.2914,-90.5367
-3.8682,26.3457,82.1306,-90.6292
-4.4641,26.3554,81.9570,-90.7196
-4.9517,26.5762,82.1781,-90.8213
-5.0690,26.5898,82.1581,-90.8175
-5.5557,26.8740,82.4529,-90.9496
-6.0417,27.1695,82.7314,-91.0640
-5.7989,27.2529,82.9697,-91.0969
-5.9158,27.2703,82.9442,-91.0304
-6.0417,27.1684,82.7328,-91.0223
-5.9158,27.0342,82.5701,-91.0297
-5.1862,26.6041,82.1371,-90.8527
-4.5787,26.5216,82.2163,-90.7561
-3.9702,26.4478,82.2827,-90.6553
-3.3608,26.3827,82.3362,-90.5543
-2.7506,26.3262,82.3770,-90.4533
-2.1397,26.2784,82.4050,-90.3523
-1.5284,26.2394,82.4202,-90.2513
-0.9168,26.2091,82.4227,-90.1506
-0.3049,26.1875,82.4123,-90.0501
0.3070,26.1746,82.3892,-89.9500
0.9189,26.1705,82.3532,-89.8504
1.5305,26.1752,82.3045,-89.7512
2.1418,26.1886,82.2430,-89.6527
2.7527,26.2108,82.1687,-89.5548
2.9976,26.2265,82.1457,-89.5549
3.9758,26.5282,82.4218,-89.3366
3.4869,26.4317,82.3902,-89.4256
2.8139,26.2990,82.3153,-89.5385
2.1401,26.1778,82.2236,-89.6531
1.4657,26.0679,82.1152,-89.7652
0.7909,25.9697,81.9902,-89.8748
1.0364,26.0256,82.0809,-89.8729
1.2817,26.5362,82.9571,-89.7785
1.5271,26.5990,83.0386,-89.7765
1.5270,26.7736,83.3172,-89.7300
1.1636,26.8817,83.5201,-89.7945
1.8147,27.0656,83.7322,-89.6673
2.4654,27.2621,83.9262,-89.5392
3.1154,27.4710,84.1020,-89.4068
3.6046,27.5086,84.0460,-89.3140
3.7314,27.5846,84.1221,-89.3033
3.9758,27.6059,84.0904,-89.2838
4.5815,28.0499,84.5124,-89.0860
4.6989,28.0621,84.4940,-89.0861
5.1862,28.3192,84.6664,-88.9390
5.1862,28.4536,84.8328,-88.9156
5.5557,28.7024,85.0050,-88.8285
5.6728,28.7171,84.9826,-88.8342
6.1585,29.1297,85.2775,-88.6615
6.6434,29.3422,85.3257,-88.5466
6.8854,29.7451,85.6508,-88.4464
6.6434,29.4168,85.4054,-88.5377
6.4012,29.2364,85.3078,-88.5720
6.0417,29.1137,85.3020,-88.6975
6.0417,29.0453,85.2268,-88.7079
5.1862,28.5201,84.9107,-88.9230
5.1862,28.3833,84.7474,-88.9536
4.3375,27.9617,84.4677,-89.1389
4.3375,27.8304,84.2971,-89.1644
4.2200,27.7524,84.2240,-89.1630
4.0934,27.7406,84.2417,-89.1810
3.8491,27.5938,84.1083,-89.2279
2.7527,27.3859,84.0529,-89.4781
2.5078,27.2446,83.8980,-89.4942
2.2627,27.2321,83.9169,-89.5339
1.8995,27.0919,83.7606,-89.6538
1.6543,27.0813,83.7764,-89.6501
1.4089,26.9515,83.6051,-89.7466
1.0364,26.8766,83.5275,-89.7484
1.1636,26.8236,83.4312,-89.8200
1.4089,26.8305,83.4209,-89.7907
1.5270,26.7732,83.3177,-89.7502
1.5270,26.6551,83.1298,-89.7370
1.2817,26.5348,82.9591,-89.7418
1.0363,26.0824,82.1837,-89.8344
0.4273,25.8840,81.8436,-89.9332
-0.1818,25.6995,81.4842,-90.0273
0.0636,25.6984,81.4857,-90.0275
0.3091,25.8019,81.6918,-89.9886
0.3091,25.9075,81.8951,-89.9492
0.5546,26.0159,82.0948,-89.9499
0.3091,25.9625,82.0005,-89.9115
0.3091,25.8568,81.7970,-89.9546
-0.0636,25.6991,81.4847,-90.0118
-0.1818,25.7524,81.5921,-90.0097
-0.0636,25.8555,81.7988,-90.0295
-0.0636,26.1792,82.4009,-90.0104
-0.0636,26.2322,82.4961,-90.0106
-0.1818,26.2326,82.4956,-90.0105
-0.0636,26.1789,82.4013,-90.0304
-0.0636,25.8565,81.7975,-90.0099
-0.1818,25.8023,81.6913,-90.0097
-0.7743,25.7664,81.5959,-90.1181
-1.3665,25.7388,81.4887,-90.2069
-1.9585,25.7197,81.3691,-90.2941
-2.5500,25.7092,81.2372,-90.3798
-3.1411,25.7073,81.0929,-90.4638
-3.7314,25.7141,80.9361,-90.5461
-4.3375,25.8239,80.9611,-90.6401
-4.5816,25.9454,81.1268,-90.6630
-5.0690,26.0556,81.1511,-90.7702
-5.5557,26.2706,81.3657,-90.8650
-5.1862,26.0699,81.1303,-90.7834
-4.9518,26.0410,81.1723,-90.7862
-4.0934,25.7477,80.8874,-90.5988
-3.5120,25.6724,80.9147,-90.5122
-2.9299,25.6051,80.9302,-90.4259
-2.3471,25.5459,80.9339,-90.3401
-1.7639,25.4948,80.9259,-90.2546
-1.1804,25.4519,80.9061,-90.1698
-0.5965,25.4171,80.8746,-90.0855
-0.0126,25.3905,80.8312,-90.0019
0.5714,25.3720,80.7761,-89.9190
1.1552,25.3617,80.7092,-89.8370
1.7388,25.3597,80.6305,-89.7559
2.3220,25.3658,80.5400,-89.6757
2.9047,25.3801,80.4377,-89.5965
3.4869,25.4027,80.3236,-89.5184
3.7315,25.4719,80.4071,-89.5086
4.3375,25.5312,80.3215,-89.3959
4.4550,25.5890,80.4081,-89.3844
5.1862,25.7234,80.3972,-89.2652
5.4297,25.8501,80.5679,-89.2370
5.6729,25.8831,80.5200,-89.2168
6.4011,26.1359,80.6784,-89.0531
7.1273,26.4037,80.8147,-88.9198
7.4850,26.6239,81.0336,-88.8346
7.0019,26.3825,80.8456,-88.9400
6.4594,26.1812,80.7407,-89.0408
5.9158,25.9887,80.6229,-89.1381
5.3710,25.8051,80.4921,-89.2328
4.8253,25.6304,80.3483,-89.3246
4.4552,25.5878,80.4100,-89.3206
4.3375,25.5308,80.3220,-89.3873
3.7314,25.4728,80.4058,-89.4793
3.1555,25.3446,80.2877,-89.5691
2.5790,25.2255,80.1566,-89.6539
2.0020,25.1155,80.0125,-89.7363
1.4245,25.0146,79.8554,-89.8162
0.8468,24.9230,79.6852,-89.8934
0.2689,24.8406,79.5019,-89.9681
-0.3091,24.7676,79.3055,-90.0400
-0.4273,24.8124,79.4233,-90.0390
-0.4273,24.9398,79.7612,-90.0573
-0.6728,24.9443,79.7552,-90.0550
-1.0454,24.8652,79.5169,-90.1332
-1.5270,24.9675,79.7219,-90.1985
-1.6542,24.9296,79.6068,-90.1926
-1.8995,24.9819,79.7012,-90.2159
-2.3897,25.0080,79.6638,-90.3095
-2.5077,25.0572,79.7625,-90.3140
-2.9975,25.1363,79.8316,-90.3957
-3.2423,25.2438,80.0293,-90.4104
-3.6048,25.2735,79.9868,-90.4349
-4.0934,25.4125,80.1394,-90.5611
-4.3376,25.5296,80.3236,-90.5815
-4.7080,25.6171,80.3676,-90.6630
-4.9518,25.7402,80.5434,-90.6869
-5.0690,25.7556,80.5212,-90.7091
-5.4949,25.9823,80.8131,-90.8133
-5.9203,26.2180,81.0924,-90.9036
-6.3449,26.4629,81.3589,-90.9976
-6.7689,26.7168,81.6126,-91.0952
-7.0019,26.9758,81.9491,-91.1684
-7.6101,27.4199,82.3598,-91.3314
-8.0919,27.9892,82.9618,-91.4985
-8.0919,28.1127,83.1411,-91.5447
-8.4481,28.4971,83.4702,-91.6434
-8.5726,28.9158,83.9396,-91.7318
-8.6881,29.0080,83.9908,-91.7597
-8.8124,29.4390,84.4308,-91.8615
-8.9278,29.5345,84.4773,-91.8907
-8.9278,29.8872,84.8608,-91.9559
-9.0431,29.9853,84.9036,-91.9874
-9.0431,30.3507,85.2728,-92.0533
-9.0431,30.7256,85.6296,-92.1139
-9.0431,31.1100,85.9736,-92.1742
-9.0431,31.5039,86.3048,-92.2345
-9.0431,31.9072,86.6233,-92.2946
-8.9278,31.9694,86.7247,-92.3345
-8.9278,32.5525,87.1447,-92.3731
-8.4481,32.6334,87.4061,-92.2737
-8.2079,32.7615,87.5918,-92.3240
-8.3324,32.9590,87.6660,-92.2885
-8.4481,32.9796,87.6325,-92.2825
-8.9278,33.4205,87.7050,-92.5032
-8.9278,33.4205,87.7050,-92.4892
-8.6881,33.1079,87.6139,-92.3870
-8.2077,32.8530,87.6482,-92.2436
-8.6881,32.5952,87.2788,-92.3183
-9.0434,32.6618,87.1712,-92.3151
-8.9278,32.5525,87.1447,-92.3671
-9.4063,32.3977,86.8153,-92.4534
-9.7602,32.4702,86.6986,-92.4485
-9.8835,32.4116,86.5910,-92.5671
-10.2364,32.4879,86.4682,-92.5523
-10.3592,32.4374,86.3625,-92.6714
-10.9476,32.5754,86.1404,-92.8074
-11.0615,32.6824,86.1550,-92.8375
-10.9476,32.7408,86.2622,-92.8912
-10.5966,32.6581,86.3958,-92.7548
-10.2360,32.7434,86.6479,-92.6937
-9.9983,32.6902,86.7338,-92.6976
-9.5213,32.8414,87.0692,-92.5521
-9.6451,32.8669,87.0279,-92.5452
-10.1215,32.7179,86.6890,-92.6592
-10.3594,32.7705,86.6041,-92.6563
-10.7108,32.6848,86.3527,-92.7791
-10.9477,32.7405,86.2627,-92.7742
-11.0615,32.6823,86.1550,-92.8119
-10.9476,32.4893,86.0779,-92.7974
-10.8249,32.5455,86.1884,-92.8316
-10.3592,32.4374,86.3625,-92.6687
-10.2361,32.4889,86.4665,-92.6987
-9.8835,32.4116,86.5910,-92.5638
-9.7599,32.4712,86.6969,-92.5950
-9.4063,32.3977,86.8153,-92.4581
-9.2824,32.4530,86.9141,-92.4855
-9.0433,32.4051,86.9913,-92.4363
-8.9278,32.3020,86.9693,-92.3459
-8.9278,31.9698,86.7242,-92.2950
-9.0431,31.9069,86.6238,-92.2576
-9.0431,31.5039,86.3048,-92.2506
-9.0431,31.1100,85.9736,-92.1902
-9.0431,30.7256,85.6296,-92.1289
-9.0431,30.3507,85.2728,-92.0675
-9.0431,29.9856,84.9031,-92.0061
-8.9278,29.8869,84.8613,-91.9743
-8.9278,29.5348,84.4768,-91.9083
-8.8125,29.4387,84.4313,-91.8774
-8.8124,29.2326,84.1961,-91.7904
-8.5726,28.9158,83.9396,-91.7357
-8.5726,28.7175,83.6942,-91.6634
-8.2077,28.2613,83.2831,-91.5640
-8.0919,27.9300,82.8752,-91.4904
-7.6101,27.3638,82.2692,-91.3188
-7.0019,26.9179,81.8482,-91.1563
-6.7689,26.6606,81.5095,-91.0837
-6.2424,26.3498,81.1927,-90.9621
-5.7148,26.0529,80.8563,-90.8483
-5.1862,25.7701,80.5002,-90.7402
-5.0690,25.7556,80.5212,-90.7425
-4.8254,25.6289,80.3504,-90.6972
-4.4642,25.5427,80.3048,-90.6654
-3.9758,25.3530,80.0421,-90.5360
-3.3601,25.2547,80.0138,-90.4480
-2.8796,25.0816,79.7276,-90.3729
-1.8995,24.9828,79.7000,-90.2448
-1.7723,24.9345,79.5998,-90.2397
-1.5271,24.9666,79.7232,-90.2306
-1.0454,24.8652,79.5169,-90.1304
-0.5546,24.9433,79.7566,-90.0697
-0.4273,24.8990,79.6506,-90.0701
-0.5546,24.7679,79.3048,-90.0504
-0.4273,24.8124,79.4233,-90.0705
0.6728,24.7313,79.1886,-89.9180
0.4273,24.8112,79.4249,-89.9140
0.0637,24.8091,79.4281,-89.9475
-0.1818,24.8516,79.5364,-89.9931
-0.0636,24.8103,79.4263,-90.0233
0.3091,24.8101,79.4267,-90.0075
0.9182,24.7766,79.2927,-89.8848
1.1636,24.7820,79.2849,-89.8868
1.6542,24.7155,79.0293,-89.7991
1.7723,24.7632,79.1429,-89.7959
2.4442,24.7978,79.0935,-89.7023
3.1154,24.8428,79.0292,-89.6210
3.2423,24.8927,79.1267,-89.6127
3.6048,24.9214,79.0855,-89.6017
4.3375,25.1234,79.3290,-89.4475
4.9427,25.2332,79.3405,-89.3654
5.6728,25.4585,79.5374,-89.2503
5.9159,25.5819,79.7117,-89.2222
6.2846,25.6836,79.7478,-89.1896
6.5179,25.8135,79.9129,-89.1125
7.0019,25.9888,80.0122,-89.0127
7.3688,26.1961,80.2356,-88.9336
7.4851,26.2167,80.2056,-88.9359
7.9255,26.4807,80.4690,-88.8160
8.3650,26.7544,80.7187,-88.7109
8.8035,27.0377,80.9545,-88.6022
8.8035,27.0932,81.0580,-88.5778
9.1628,27.3877,81.3331,-88.4859
9.5213,27.6910,81.5955,-88.3780
9.8173,28.0500,81.9628,-88.2648
10.1127,28.4206,82.3138,-88.1465
10.1127,28.5430,82.4933,-88.0876
10.3506,28.7245,82.5843,-88.0678
10.3504,28.9118,82.8419,-87.9589
10.4736,29.0099,82.8836,-87.9821
10.4736,29.1390,83.0541,-87.9080
10.5879,29.2305,83.0919,-87.9171
10.5878,29.3619,83.2594,-87.8439
10.8248,29.6902,83.4956,-87.7739
10.8862,30.0500,83.8696,-87.6939
10.9476,30.4196,84.2304,-87.6081
11.0615,30.5173,84.2588,-87.5735
11.0614,30.8833,84.6275,-87.4876
11.0614,31.2586,84.9837,-87.4129
11.0614,31.6436,85.3269,-87.3384
11.0614,32.0381,85.6573,-87.2640
10.9476,32.0869,85.7645,-87.2310
10.9476,32.4901,86.0766,-87.2155
10.8249,32.5455,86.1884,-87.1667
10.8248,33.0478,86.5457,-87.1308
10.7108,33.1903,86.7057,-87.0664
10.5879,33.1626,86.7510,-87.1384
10.2360,33.3387,87.0471,-87.2102
10.2360,33.6886,87.2652,-87.1687
9.9981,33.9930,87.5599,-87.1652
9.9981,33.8135,87.4570,-87.2276
10.1128,33.7464,87.3612,-87.2238
10.1127,33.5696,87.2547,-87.2305
10.2361,33.5125,87.1577,-87.2337
10.3504,33.1914,86.8934,-87.2132
10.8248,33.0478,86.5457,-87.1363
10.8248,32.5460,86.1878,-87.2214
10.9476,32.4897,86.0772,-87.2558
10.9476,32.0872,85.7640,-87.2682
11.0615,32.0377,85.6577,-87.3131
11.0614,31.6436,85.3269,-87.3304
11.0614,31.2586,84.9837,-87.4151
11.0614,30.8833,84.6275,-87.4895
11.0614,30.5176,84.2583,-87.5641
10.9476,30.4193,84.2309,-87.5902
10.8862,30.0500,83.8696,-87.6810
10.8248,29.6902,83.4956,-87.7670
10.7108,29.5962,83.4617,-87.8002
10.7108,29.4614,83.2985,-87.8711
10.5879,29.3624,83.2589,-87.8638
10.3504,28.7865,82.6664,-88.0285
10.0745,28.4312,82.3563,-88.1464
9.7981,28.0858,82.0321,-88.2568
9.5213,27.7506,81.6938,-88.3642
9.2825,27.5813,81.5853,-88.4145
8.8035,27.0934,81.0578,-88.5906
8.3264,26.7828,80.8003,-88.7115
7.8482,26.4836,80.5262,-88.8259
7.3688,26.1961,80.2356,-88.9359
7.2436,26.1739,80.2679,-88.9332
6.8854,25.9694,80.0405,-89.0314
6.7600,25.9486,80.0707,-89.0294
6.1585,25.6666,79.7724,-89.1661
5.7990,25.5652,79.7360,-89.1798
5.5558,25.4411,79.5624,-89.2531
4.5815,25.1497,79.2913,-89.4192
4.3376,25.1227,79.3300,-89.4183
3.9758,25.0010,79.1535,-89.5071
3.2423,24.8930,79.1261,-89.6012
3.1154,24.8424,79.0297,-89.6098
2.4442,24.7978,79.0935,-89.7021
1.7723,24.7637,79.1423,-89.7838
1.6542,24.7151,79.0299,-89.7890
1.5270,24.7535,79.1568,-89.7960
1.2817,24.7449,79.1691,-89.8141
0.9182,24.8622,79.5212,-89.8855
1.0363,24.8232,79.4080,-89.8866
0.4273,24.6450,78.9614,-89.9506
-0.6728,24.6483,78.9567,-90.0802
-0.8000,24.6899,79.0659,-90.0821
-0.8000,24.6503,78.9538,-90.0947
