0.1167,24.6928,78.9645,-89.9999
6.0417,31.5044,87.4743,-88.4346
6.0417,31.7506,87.6583,-88.3857
6.1585,31.8547,87.6947,-88.3996
6.1585,32.4527,88.1000,-88.3264
6.1585,31.8550,87.6942,-88.3660
6.0417,31.7519,87.6566,-88.3928
2.6257,28.6432,85.6536,-89.4322
1.7723,28.6014,85.7173,-89.6169
1.6542,28.6701,85.8063,-89.6128
0.4273,28.6421,85.8491,-89.9055
0.3091,28.5671,85.7694,-89.9087
-1.7723,28.6014,85.7173,-90.3790
0.3091,28.5675,85.7689,-89.9362
0.4273,28.6417,85.8496,-89.9322
1.6542,28.6705,85.8058,-89.6430
1.7723,28.6010,85.7178,-89.6460
4.2200,28.7652,85.4679,-89.0972
4.0934,28.8263,85.5681,-89.0803
4.2200,28.9067,85.6255,-89.1069
3.9758,28.8840,85.6601,-89.0790
3.3601,29.0531,85.9705,-89.2530
3.3601,29.1984,86.1234,-89.2349
2.9975,29.4652,86.4536,-89.3091
2.7527,29.4490,86.4785,-89.3096
2.6257,29.5921,86.6361,-89.3554
2.5077,29.5863,86.6453,-89.3912
2.2627,29.7246,86.8105,-89.4031
1.8995,29.7096,86.8341,-89.5598
1.7723,29.7838,86.9162,-89.5454
1.4090,29.7702,86.9375,-89.5825
1.2817,29.8423,87.0089,-89.6965
0.6728,29.8294,87.0291,-89.8379
0.5546,29.7530,86.9641,-89.8414
0.1819,29.7488,86.9706,-89.8710
-0.3091,29.5976,86.8246,-90.0716
-0.6728,29.3714,86.5981,-90.1544
-0.8000,29.3733,86.5953,-90.1552
-1.2908,29.0168,86.2072,-90.2880
-1.1636,29.0131,86.2127,-90.2889
-1.1636,29.0892,86.2912,-90.2613
-0.6728,29.3714,86.5981,-90.1562
-0.5546,29.3697,86.6008,-90.1550
0.1818,29.7503,86.9683,-89.9586
0.5546,29.7518,86.9660,-89.9566
0.6728,29.8294,87.0291,-89.8375
1.2817,29.8423,87.0089,-89.6955
1.7723,29.7045,86.8420,-89.5830
2.1447,29.7189,86.8197,-89.5820
2.3897,29.6590,86.7296,-89.4346
2.6257,29.5188,86.5668,-89.4543
2.6257,29.4419,86.4893,-89.3936
2.8706,29.4563,86.4672,-89.3959
3.3601,29.1232,86.0439,-89.2507
3.2423,28.9684,85.9055,-89.2687
2.9976,28.8822,85.8570,-89.2946
1.7723,28.8181,85.9549,-89.6088
1.6542,28.8827,86.0366,-89.6059
0.1818,28.8531,86.0819,-89.9575
0.0636,28.7830,86.0085,-89.9605
-1.1636,28.7983,85.9852,-90.2538
-1.2908,28.8709,86.0548,-90.2590
-1.4089,28.8049,85.9750,-90.2839
-2.0175,28.7540,85.8586,-90.4392
-1.6543,28.7377,85.8834,-90.4406
-1.5270,28.8091,85.9686,-90.3334
0.0636,28.7833,86.0081,-89.9885
0.1818,28.8528,86.0824,-89.9856
1.6542,28.8831,86.0361,-89.6368
1.7723,28.8177,85.9554,-89.6389
2.9975,28.8830,85.8558,-89.3444
3.1154,28.9601,85.9184,-89.3343
3.3601,28.9773,85.8920,-89.3113
3.4869,28.9179,85.8024,-89.2640
3.8492,28.9464,85.7589,-89.2343
4.0934,28.8268,85.5676,-89.1100
3.9758,28.7424,85.5025,-89.1270
3.3601,28.6923,85.5789,-89.2764
3.1154,28.5327,85.4488,-89.2960
2.7527,28.5103,85.4829,-89.4209
1.8995,28.1894,85.2258,-89.6054
1.4089,28.1712,85.2534,-89.7073
1.2817,28.2381,85.3446,-89.7037
0.0636,28.1490,85.2869,-89.9854
-0.3091,28.2876,85.4486,-90.0710
-0.5546,28.2893,85.4461,-90.0645
-0.5546,28.2899,85.4450,-90.1205
-0.3091,28.2869,85.4496,-90.1162
0.0636,28.1490,85.2869,-89.9814
0.5546,28.1524,85.2818,-89.8855
0.6728,28.2248,85.3648,-89.8833
1.8995,28.1894,85.2258,-89.6078
2.7527,28.5103,85.4829,-89.4160
3.1155,28.5326,85.4490,-89.4155
3.3601,28.6923,85.5789,-89.2742
-6.2843,28.2000,84.1159,-91.2414
-6.1585,28.2449,84.2253,-91.2590
-6.0417,28.5607,84.6638,-91.2373
-5.5557,29.0531,85.4017,-91.2062
-5.3126,29.1651,85.6041,-91.2384
-5.3124,29.2413,85.6819,-91.1769
-5.0691,29.3574,85.8788,-91.2067
-4.5815,29.8266,86.4698,-91.0723
-4.5815,30.1338,86.7530,-91.0928
-4.4641,30.1968,86.8385,-91.1093
-4.4641,30.7495,87.3079,-91.1108
-4.3375,30.8209,87.3953,-91.1305
-4.3375,31.1486,87.6513,-91.1115
-5.1862,32.4203,88.3429,-91.4250
-5.0690,32.4984,88.4218,-91.4446
-4.4641,32.4381,88.5195,-91.2400
-4.3375,32.3348,88.4812,-91.2234
-4.3375,31.6510,88.0208,-91.1567
-4.2200,31.5522,87.9759,-91.1360
-4.2200,31.5525,87.9754,-91.1096
-4.3375,31.6507,88.0213,-91.1252
-4.3375,32.3352,88.4807,-91.1878
-4.2200,32.4155,88.5561,-91.2108
-3.2423,32.3394,88.6795,-90.9052
-3.1245,32.4164,88.7459,-90.9087
-2.8797,32.4008,88.7713,-90.8668
-2.7527,32.3083,88.7298,-90.7866
-2.6347,32.3870,88.7937,-90.7694
-2.3898,32.2884,88.7621,-90.7235
-1.7723,32.2623,88.8043,-90.4958
-1.6542,32.3431,88.8648,-90.4973
-1.4090,32.2495,88.8251,-90.4526
-0.8000,32.2362,88.8466,-90.2256
-0.6728,32.3193,88.9034,-90.2243
-0.4273,32.3162,88.9085,-90.1829
-0.3091,32.2302,88.8563,-90.1093
5.9158,32.5967,88.2622,-88.3612
-0.3091,32.2305,88.8558,-90.0903
-0.4273,32.3165,88.9080,-90.0862
-0.6728,32.3190,88.9039,-90.1240
-0.8000,32.2359,88.8471,-90.1950
-1.4089,32.2502,88.8239,-90.3885
-1.5270,32.3389,88.8717,-90.3961
-1.7723,32.2615,88.8056,-90.4263
-2.3897,32.2892,88.7609,-90.6608
-2.5077,32.3802,88.8047,-90.6710
-2.7527,32.3079,88.7305,-90.6965
-2.8796,32.4011,88.7708,-90.7815
-3.1245,32.4161,88.7464,-90.8059
-3.2423,32.3391,88.6800,-90.8716
-5.1862,32.5114,88.4007,-91.4242
-5.1862,32.3353,88.2898,-91.4060
-4.3375,31.0632,87.5856,-91.1097
-4.3375,30.8196,87.3970,-91.0705
-4.4641,30.7491,87.3085,-91.0793
-4.4641,30.1971,86.8380,-91.0781
-4.5815,30.1335,86.7534,-91.0602
-4.5815,29.8266,86.4698,-91.0731
-5.5557,29.1271,85.4823,-91.2105
-5.9158,28.7516,84.9370,-91.2409
-5.9158,28.6134,84.7758,-91.2079
-6.0417,28.5603,84.6644,-91.2084
-6.0417,28.4250,84.4994,-91.2107
10.1127,28.8581,82.9319,-88.0794
9.6450,29.2778,83.7641,-88.0279
9.6450,29.1429,83.6005,-88.0848
9.8836,29.0637,83.3525,-88.1137
2.9975,27.2151,83.7598,-89.4424
2.8706,27.2658,83.8599,-89.4367
2.3897,27.1776,83.8156,-89.5569
2.2627,27.2301,83.9130,-89.5505
2.3897,27.3015,83.9960,-89.5728
1.8995,27.2778,84.0312,-89.6423
2.1447,27.2885,84.0154,-89.6428
2.2627,27.2300,83.9130,-89.6002
2.1446,27.1645,83.8349,-89.5824
1.7724,27.1466,83.8616,-89.6033
1.7723,27.1481,83.8593,-89.6754
2.6257,27.1911,83.7954,-89.5142
2.7527,27.2582,83.8712,-89.5065
0.5546,27.1157,83.9074,-89.8957
0.5546,27.2393,84.0883,-89.8940
0.0636,27.2367,84.0924,-89.9877
0.0636,27.1717,83.9997,-89.9882
0.1818,27.2367,84.0925,-89.9879
0.4273,27.2381,84.0904,-89.9644
0.5546,27.1750,83.9948,-89.9181
0.3091,27.0479,83.8190,-89.8982
0.4273,27.0503,83.8157,-89.9457
-8.0919,27.4549,82.1405,-91.3943
-7.6101,27.7806,82.9168,-91.3924
-7.7262,28.1091,83.3292,-91.4623
-7.9672,28.2784,83.4404,-91.5057
-7.9671,28.4736,83.7025,-91.6015
-8.3324,28.9363,84.0931,-91.7010
-8.0921,29.0251,84.3276,-91.7517
-8.0919,29.0267,84.3255,-91.6685
-8.0919,29.0267,84.3255,-91.6754
-8.3325,28.9347,84.0952,-91.6249
-8.2077,28.8479,84.0496,-91.6633
-8.3324,28.8019,83.9280,-91.6389
-7.9671,28.4082,83.6113,-91.5512
-7.9671,28.2167,83.3567,-91.4852
-7.6101,27.9035,83.0970,-91.4108
-7.6101,27.7798,82.9179,-91.3693
-8.0919,27.5718,82.3282,-91.4213
9.9981,27.4691,80.8536,-88.3823
9.9981,27.5257,80.9556,-88.3542
10.2362,27.6360,80.9647,-88.3480
10.3505,27.7756,81.1162,-88.2622
10.4736,27.6948,80.8770,-88.3359
10.4736,27.8064,81.0701,-88.2202
10.3505,27.8345,81.2149,-88.2225
10.3504,28.1819,81.7785,-88.1734
10.2361,28.2107,81.9097,-88.1428
10.1127,28.5461,82.4956,-88.1166
9.7599,28.8439,83.1423,-88.0987
9.4063,28.9585,83.5128,-88.1266
9.4063,29.2253,83.8443,-88.0810
9.2824,29.1984,83.8853,-88.0732
9.4063,29.1551,83.7597,-88.1327
9.4063,28.9585,83.5128,-88.1244
10.1127,28.5461,82.4956,-88.1186
10.2360,28.2111,81.9092,-88.1799
10.3505,28.1816,81.7790,-88.2100
10.3504,27.7765,81.1149,-88.2738
9.9981,27.5259,80.9553,-88.3704
2.6257,26.3147,82.3821,-89.5663
3.1154,26.5135,82.6234,-89.4712
3.4869,27.0707,83.4352,-89.3677
3.3601,27.1187,83.5389,-89.3593
3.2423,27.4171,83.9996,-89.3896
2.7527,27.5766,84.3173,-89.4670
2.6257,27.5687,84.3292,-89.4673
2.8706,27.4551,84.1323,-89.5089
2.9975,27.4650,84.1178,-89.4493
3.2423,27.3552,83.9158,-89.4448
3.3601,27.1191,83.5384,-89.3853
3.4869,27.0703,83.4357,-89.3971
3.1154,26.5724,82.7235,-89.4716
9.8835,27.1258,80.3020,-88.4846
9.8835,27.2800,80.6029,-88.3982
9.6450,27.3335,80.8821,-88.4540
9.6450,27.4419,81.0797,-88.3952
9.2824,27.5261,81.4874,-88.4419
9.1672,27.7300,81.9050,-88.4152
9.2824,27.4719,81.3946,-88.4548
9.6450,27.3859,80.9770,-88.4378
9.6450,27.2766,80.7804,-88.4922
9.8836,27.2291,80.5061,-88.5199
-7.3688,26.2455,80.3410,-91.0760
-7.4851,26.3175,80.4201,-91.0959
-7.4850,26.4179,80.6288,-91.1454
-7.1273,26.6698,81.3302,-91.1306
-6.8856,26.7321,81.5833,-91.1717
-6.8854,26.8425,81.7795,-91.1472
-6.7689,26.8817,81.9081,-91.1507
-6.7689,27.1084,82.2934,-91.1563
-6.6434,27.1438,82.4147,-91.1783
-6.6434,27.3790,82.7894,-91.1805
-6.6434,27.1442,82.4142,-91.1484
-6.7689,27.1080,82.2939,-91.1268
-6.8854,26.7903,81.6838,-91.1249
-7.1274,26.7199,81.4286,-91.0794
-7.4850,26.4680,80.7271,-91.1330
-7.4850,26.3160,80.4220,-91.0704
-7.2436,25.9826,79.8444,-91.0092
-7.2436,26.0283,79.9482,-91.0279
-7.3689,26.0043,79.8128,-90.9964
-7.4851,26.1202,79.9980,-91.0666
-7.9671,26.4074,80.2888,-91.1722
-8.2077,26.6572,80.6347,-91.2497
-8.2077,26.8670,81.0403,-91.2928
-8.3324,26.9428,81.1009,-91.3161
-8.3324,27.0506,81.2999,-91.3730
-8.0919,27.1681,81.6582,-91.3394
-8.0919,27.2799,81.8524,-91.3899
-8.4481,27.5244,82.0373,-91.4606
-8.5726,27.6650,82.1892,-91.5049
-8.5726,27.8998,82.5502,-91.5458
-8.6881,27.9856,82.6101,-91.5728
-8.6881,28.1660,82.8784,-91.6553
-8.5726,28.2086,83.0037,-91.6415
-8.5726,28.3941,83.2656,-91.6782
-8.4481,28.4371,83.3910,-91.6676
-8.4481,28.6973,83.7321,-91.6742
-8.4481,28.4376,83.3904,-91.6355
-8.5726,28.3955,83.2639,-91.6046
-8.6881,27.9859,82.6096,-91.5810
-8.5726,27.8994,82.5507,-91.5578
-8.5726,27.6660,82.1878,-91.5061
-8.4481,27.5800,82.1285,-91.4795
-8.4481,27.4637,81.9401,-91.4214
-8.0919,27.2263,81.7586,-91.3536
-8.3324,27.0514,81.2989,-91.3479
-8.3324,26.9423,81.1015,-91.3009
-8.2078,26.8667,81.0408,-91.3055
-8.2077,26.6039,80.5281,-91.2412
-7.9671,26.3558,80.1800,-91.1600
-7.4850,26.0714,79.8857,-91.0495
-7.4850,26.0253,79.7823,-91.0302
-2.8796,25.3583,80.3941,-90.3990
-3.2424,25.3832,80.3582,-90.3979
-3.4869,25.3111,80.1090,-90.4735
-3.9758,25.3547,80.0461,-90.5400
-4.0934,25.3214,79.9242,-90.5265
-3.8491,25.3419,80.0645,-90.5607
-3.3601,25.3007,80.1240,-90.4530
-3.3601,25.3487,80.2379,-90.4651
-3.2423,25.3844,80.3565,-90.4692
9.7599,26.1414,78.2043,-88.7760
10.1127,26.4518,78.6386,-88.6582
10.1127,26.5394,78.8502,-88.6018
10.3504,26.7426,79.0897,-88.5574
10.3504,26.8378,79.3039,-88.4982
10.8248,27.3622,79.9530,-88.3497
10.8248,27.5156,80.2542,-88.2558
10.9476,27.6008,80.3004,-88.2792
10.9476,27.7634,80.6021,-88.1757
11.0615,27.8482,80.6490,-88.2012
11.0614,28.1865,81.2229,-88.1021
11.1840,28.2788,81.2718,-88.0733
11.1840,28.7519,81.9961,-87.9455
11.0615,28.7829,82.1379,-87.9098
11.0614,29.0336,82.4881,-87.8965
10.8248,29.2297,82.9229,-87.8740
10.7108,29.5940,83.4582,-87.8087
10.1127,30.1466,84.4666,-87.7855
8.4481,30.8439,86.0232,-87.9711
8.3235,30.8206,86.0599,-87.9773
7.8512,31.0444,86.4584,-88.0736
7.8512,31.1266,86.5277,-88.0525
7.6101,30.7701,86.3229,-88.1651
8.0919,30.5445,85.9144,-88.0965
8.2078,30.5653,85.8818,-88.0963
9.0431,30.2045,85.1274,-87.9665
9.0431,30.1282,85.0507,-87.9903
9.2825,30.0364,84.8310,-88.0298
9.5213,29.7300,84.3629,-87.9646
9.7600,29.6414,84.1265,-88.0233
10.1127,29.3150,83.5156,-87.9541
10.1127,29.1812,83.3509,-88.0107
10.3504,28.9826,82.9318,-87.9915
10.3504,28.9826,82.9318,-87.9908
10.2361,29.0169,83.0562,-87.9596
10.1127,29.3150,83.5156,-87.9523
9.8835,29.4671,83.8445,-87.9556
9.7599,29.7152,84.2063,-87.9269
9.4063,29.8465,84.5565,-87.9606
9.2824,30.1078,84.9015,-87.9362
9.0433,30.2029,85.1295,-87.8789
9.0431,30.2755,85.1984,-87.9524
7.6101,30.8514,86.3935,-88.1468
7.8513,30.9675,86.3952,-88.1362
8.2077,30.7996,86.0929,-88.0359
8.3235,30.8206,86.0598,-88.0363
10.1127,30.0777,84.3931,-87.8070
10.4736,29.6716,83.7093,-87.8285
10.7109,29.5924,83.4603,-87.8930
10.8248,29.2297,82.9229,-87.8756
11.0614,29.0336,82.4881,-87.8921
11.0614,28.7833,82.1373,-87.9468
11.1840,28.7514,81.9967,-87.9881
11.1840,28.2792,81.2713,-88.0678
11.0615,28.1862,81.2235,-88.0967
11.0614,27.8485,80.6485,-88.1937
10.9476,27.7650,80.6001,-88.2205
10.8248,27.3622,79.9530,-88.3472
10.7108,27.2785,79.8920,-88.3759
10.5878,27.0448,79.5253,-88.4518
10.3506,26.8841,79.4068,-88.5085
10.1127,26.4518,78.6386,-88.6572
9.4063,26.0163,78.2167,-88.8236
9.5213,26.3091,78.8465,-88.7334
10.3504,27.1866,80.0276,-88.4336
10.2361,27.2608,80.2743,-88.3676
10.4737,27.3751,80.2908,-88.3951
10.5878,27.6153,80.6368,-88.2970
10.7108,27.7031,80.6922,-88.2661
10.7108,27.9805,81.1706,-88.1932
10.8249,28.0688,81.2255,-88.1590
10.7108,28.1541,81.4584,-88.0899
10.8249,28.3006,81.6004,-88.0891
10.8248,28.8465,82.4064,-87.9623
10.7108,28.9427,82.6259,-87.8985
10.7108,28.8167,82.4513,-88.0196
10.8249,28.7813,82.3157,-88.0152
10.8248,28.4159,81.7762,-88.0675
10.7108,28.3289,81.7323,-88.0936
10.8249,28.3012,81.5996,-88.1329
10.7108,28.2110,81.5474,-88.1218
10.8249,28.0670,81.2276,-88.2231
10.7108,27.9802,81.1711,-88.1792
10.7108,27.7034,80.6916,-88.2562
10.5879,27.6149,80.6374,-88.2895
10.5878,27.5065,80.4400,-88.3549
10.3506,27.3435,80.3374,-88.3738
10.2361,27.3671,80.4745,-88.3557
10.2360,27.0558,79.8643,-88.4738
9.8835,26.6730,79.3619,-88.6031
9.6450,26.7646,79.7659,-88.5996
9.6450,26.9114,80.0764,-88.5144
9.2824,26.9868,80.5068,-88.5685
8.9278,27.2266,81.2127,-88.5476
8.9278,27.4493,81.6014,-88.5021
8.6881,27.6289,82.0557,-88.4895
8.6881,27.8652,82.4271,-88.4457
8.6881,27.6289,82.0557,-88.4868
8.8036,27.5964,81.9300,-88.5158
8.8035,27.4231,81.6402,-88.5168
8.9278,27.3946,81.5091,-88.5452
8.9278,27.1740,81.1179,-88.5571
9.2824,26.9329,80.4013,-88.5824
9.6450,26.8645,79.9744,-88.5693
9.6450,26.7115,79.6595,-88.6522
9.8835,26.6730,79.3619,-88.6016
9.8835,26.6267,79.2593,-88.6316
9.6452,26.4738,79.1291,-88.6683
9.5213,26.4913,79.2738,-88.6472
9.5213,26.4917,79.2732,-88.6802
9.4063,26.4194,79.2087,-88.7026
9.5213,26.4461,79.1696,-88.7086
9.6451,26.3812,78.9111,-88.7470
9.4063,26.1919,78.6647,-88.7707
-1.8995,24.9389,79.5872,-90.2422
-2.0175,24.9896,79.6967,-90.2476
-2.0175,25.0783,79.9213,-90.2718
-2.3898,25.0971,79.8944,-90.2652
-2.3897,25.0087,79.6691,-90.3024
-2.5077,24.9707,79.5415,-90.3008
-2.2627,25.0016,79.6795,-90.3275
-8.8124,25.7976,78.1823,-91.0815
-8.8124,25.9229,78.5207,-91.1567
-8.6881,25.9432,78.6739,-91.1452
-8.5726,26.1436,79.2571,-91.1580
-8.6881,25.9863,78.7808,-91.1304
-8.8125,25.9699,78.6352,-91.1023
4.4550,25.0925,79.1978,-89.4429
4.3375,25.1214,79.3253,-89.4286
4.4550,25.1792,79.4246,-89.4383
4.6990,25.1602,79.2696,-89.4426
4.8254,25.1756,79.2476,-89.4042
4.6990,25.2061,79.3860,-89.3739
4.6989,25.2065,79.3854,-89.3988
4.4551,25.1789,79.4251,-89.3970
4.3375,25.2093,79.5507,-89.4173
4.8253,25.3530,79.6960,-89.3605
4.3375,25.2097,79.5502,-89.4395
4.4550,25.1792,79.4246,-89.4501
4.3375,25.1214,79.3253,-89.4409
7.0019,25.4880,78.7981,-89.1218
7.0019,25.5742,79.0250,-89.0818
6.5178,25.5415,79.2547,-89.1554
6.1585,25.6683,79.7764,-89.1640
5.1862,25.6261,80.1777,-89.2795
6.0417,25.6511,79.8013,-89.1797
6.4011,25.5664,79.3883,-89.1564
6.2843,25.4584,79.1921,-89.1944
6.0418,25.4224,79.2440,-89.1894
5.5557,25.2674,79.1156,-89.2999
5.3124,25.4125,79.6103,-89.3012
5.0691,25.4716,79.8774,-89.2676
4.8254,25.4914,80.0320,-89.3021
4.4550,25.4512,80.0901,-89.3935
3.9758,25.2632,79.8253,-89.4747
3.9758,25.2196,79.7184,-89.4840
4.4550,25.4512,80.0901,-89.3903
4.8255,25.4907,80.0330,-89.3932
5.4296,25.3383,79.3652,-89.2991
5.4296,25.2498,79.1408,-89.3297
6.0417,25.3808,79.1346,-89.2276
6.4011,25.5233,79.2810,-89.1665
6.8854,25.5554,79.0522,-89.1140
7.0019,25.5326,78.9160,-89.1364
6.8855,25.4679,78.8270,-89.1300
6.5180,25.4067,78.9152,-89.1324
5.7988,25.1746,78.7292,-89.2942
4.3375,24.9949,78.9868,-89.4677
3.9758,25.0438,79.2675,-89.5024
3.7315,25.0204,79.3011,-89.4999
2.9975,25.2288,80.0576,-89.5975
3.2423,25.3381,80.2531,-89.5811
3.7314,25.3803,80.1923,-89.4874
3.8491,25.4358,80.2824,-89.4798
3.8491,25.4361,80.2819,-89.4681
3.7314,25.3800,80.1928,-89.4787
3.1154,25.3300,80.2649,-89.5732
2.9975,25.2728,80.1642,-89.5822
3.1154,25.1445,79.8260,-89.6194
3.6046,25.0099,79.3161,-89.5446
3.8491,25.0312,79.2857,-89.5475
4.3375,24.9949,78.9868,-89.4659
5.7988,25.1746,78.7292,-89.2925
5.9158,25.2315,78.8163,-89.2773
6.1586,25.2667,78.7656,-89.2719
6.6434,25.4285,78.8839,-89.1636
-8.2077,25.5869,78.1363,-90.9819
-8.4482,25.6757,78.1767,-91.0088
-8.4481,25.9360,78.8537,-91.0954
-8.4481,25.6766,78.1755,-91.0304
-0.6728,25.2197,80.4236,-90.0928
-1.1636,25.2305,80.4082,-90.1620
-1.2908,25.1403,80.1847,-90.1531
-1.1636,25.0456,79.9682,-90.1670
-1.4089,24.9634,79.7342,-90.1463
-1.5270,25.0115,79.8347,-90.1865
-1.5270,25.1011,80.0582,-90.2080
-1.7723,25.2019,80.2661,-90.2116
-2.0176,25.2619,80.3630,-90.2467
-2.6347,25.2488,80.1987,-90.3573
-2.8796,25.1297,79.8476,-90.3799
-2.8796,24.9533,79.3972,-90.3630
-2.8796,24.9533,79.3972,-90.3626
-2.8796,25.0813,79.7342,-90.3867
-2.5077,25.2410,80.2100,-90.3381
-2.0175,25.2628,80.3616,-90.2745
-1.5270,25.0584,79.9501,-90.1996
-1.5270,24.8817,79.4998,-90.1929
-1.8995,24.8114,79.2494,-90.2356
-2.2627,24.8280,79.2256,-90.2340
-2.3897,24.7926,79.0944,-90.2733
-3.1244,24.8420,79.0239,-90.3800
-3.2423,24.8942,79.1309,-90.3890
-3.6048,24.9230,79.0898,-90.3985
-4.2200,25.1097,79.3422,-90.5371
-4.0934,25.1838,79.5872,-90.5595
-3.7316,25.1493,79.6369,-90.5311
-3.1244,24.9710,79.3719,-90.3915
-3.6046,25.1397,79.6507,-90.4695
-3.9759,25.1718,79.6045,-90.4670
-4.0934,25.2308,79.7023,-90.5285
-4.2200,25.1971,79.5681,-90.5245
-4.3375,25.2095,79.5504,-90.5473
-4.2200,25.1547,79.4598,-90.5511
-4.4641,25.1342,79.3069,-90.5279
-3.9758,24.9994,79.1492,-90.4922
-3.2423,24.8946,79.1304,-90.3990
-3.1245,24.8416,79.0245,-90.3896
-2.3897,24.7931,79.0938,-90.2911
-2.2627,24.8292,79.2239,-90.2982
-1.8996,24.8098,79.2516,-90.2788
-1.7723,24.8464,79.3682,-90.2384
-1.1636,24.8700,79.5166,-90.1447
-0.8000,24.9916,79.8632,-90.1028
-0.6728,25.0784,80.0907,-90.1089
10.7107,26.1322,77.1665,-88.7529
10.9477,26.2377,77.1948,-88.7216
10.9476,26.2779,77.3049,-88.6765
10.8249,26.2048,77.2426,-88.7199
10.5880,26.1803,77.4465,-88.6848
10.7108,26.2965,77.6281,-88.6759
10.5879,26.3491,77.9022,-88.6251
10.5878,26.6170,78.5673,-88.5846
10.5878,26.6170,78.5673,-88.5848
10.5878,26.3502,77.9008,-88.6729
10.7108,26.3411,77.7451,-88.7045
10.4738,26.1930,77.6098,-88.7269
10.9476,25.9654,76.3741,-88.8132
11.1842,26.1061,76.5190,-88.7564
11.1840,26.1817,76.7452,-88.6978
11.2977,26.2554,76.8195,-88.7001
11.2977,26.5438,77.6189,-88.5918
11.1840,26.5562,77.7828,-88.5557
11.1840,26.8216,78.4377,-88.4969
10.8248,26.9617,79.1221,-88.4658
10.8248,26.9617,79.1221,-88.4661
11.1840,26.7775,78.3325,-88.5123
11.1840,26.5566,77.7822,-88.5854
11.2977,26.5433,77.6195,-88.6248
11.2977,26.2558,76.8190,-88.7013
10.9476,26.0018,76.4891,-88.7977
-7.9671,25.3766,77.7392,-90.9176
-7.7262,25.4929,78.2715,-90.9314
-7.7262,25.6630,78.7278,-90.9753
-7.9671,25.8396,78.9933,-91.0387
-7.9671,25.9290,79.2159,-91.0839
-8.2077,26.1140,79.4702,-91.1251
-8.2077,26.2076,79.6873,-91.1716
-8.6881,26.7015,80.3851,-91.3064
-8.6881,26.9640,80.8974,-91.3644
-9.0431,27.1988,81.0813,-91.4591
-8.9278,27.2262,81.2132,-91.4846
-8.6882,27.1228,81.1936,-91.4298
-8.8125,27.2018,81.2494,-91.4236
-8.8124,27.4839,81.7368,-91.4910
-8.9278,27.5628,81.7929,-91.5174
-8.9278,28.7257,83.4982,-91.7585
-8.8125,28.7695,83.6225,-91.7853
-8.8124,28.9663,83.8697,-91.7802
-8.6881,29.0054,83.9878,-91.8098
-8.5726,29.4665,84.5885,-91.8306
-8.2077,29.6810,85.0056,-91.8002
-8.0919,29.8723,85.2655,-91.8705
-7.6101,30.1571,85.7601,-91.7553
-7.4851,30.3639,86.0130,-91.8217
-7.0019,30.6723,86.4766,-91.6947
-6.8855,30.5789,86.4390,-91.6743
-6.8854,30.4233,86.3009,-91.6143
-7.2436,30.2475,85.9982,-91.6896
-7.6101,29.8599,85.4663,-91.7109
-7.6101,29.5744,85.1699,-91.6757
-7.8512,29.3998,84.8704,-91.6900
-7.8512,29.1904,84.6390,-91.6241
-7.4850,28.8532,84.4115,-91.5401
-7.4850,28.7827,84.3267,-91.5210
-7.2437,28.6766,84.3099,-91.5157
-7.1273,28.5237,84.1723,-91.4314
-6.4011,28.0203,83.8288,-91.2309
-6.2843,27.8131,83.5970,-91.1841
-6.4011,27.7667,83.4774,-91.1699
-6.4011,27.6421,83.2988,-91.1673
-6.6435,27.5556,83.0639,-91.1466
-7.0019,27.6141,82.9770,-91.2774
-7.1273,27.5760,82.8587,-91.2527
-7.3689,27.6746,82.8867,-91.3052
-7.2436,27.5956,82.8297,-91.3217
-7.6101,27.4830,82.4603,-91.3395
-7.7262,27.3247,82.1462,-91.2728
-7.7262,27.3866,82.2419,-91.3534
-7.2436,27.5959,82.8292,-91.3072
-7.0020,27.6131,82.9783,-91.3292
-6.5267,27.5394,83.0884,-91.1893
-6.4011,27.5834,83.2113,-91.2094
-6.4011,27.7653,83.4791,-91.2275
-6.2843,27.8146,83.5950,-91.2199
-6.4011,28.0870,83.9186,-91.2449
-7.1273,28.5888,84.2515,-91.4409
-7.1273,28.6581,84.3379,-91.4627
-7.2436,28.6772,84.3089,-91.4494
-7.4852,28.8518,84.4135,-91.5152
-7.4850,28.9187,84.4901,-91.5658
-7.8512,29.2592,84.7131,-91.6724
-7.8512,29.3990,84.8714,-91.7140
-7.6101,29.5744,85.1699,-91.6724
-7.6101,29.8599,85.4663,-91.7078
-7.3690,29.9658,85.6789,-91.7598
-7.2436,30.1746,85.9292,-91.6756
-6.8854,30.4241,86.2999,-91.6389
-6.8854,30.5785,86.4395,-91.6770
-7.1274,30.6910,86.4473,-91.6701
-7.1273,30.6164,86.3803,-91.7082
-7.4850,30.4396,86.0784,-91.7648
-7.6102,30.2332,85.8375,-91.7006
-8.0919,29.9448,85.3349,-91.8160
-8.5726,29.4665,84.5885,-91.8281
-8.5726,29.2535,84.3496,-91.7553
-8.6881,29.2116,84.2354,-91.7720
-8.6881,29.0058,83.9873,-91.7733
-8.8125,28.9659,83.8702,-91.7440
-8.8124,28.7699,83.6219,-91.7503
-8.9278,28.7253,83.4988,-91.7192
-8.9278,27.5632,81.7925,-91.5247
-8.8125,27.4835,81.7373,-91.5031
-8.8124,27.2593,81.3504,-91.4495
-9.0433,27.1971,81.0834,-91.3926
-9.2824,27.2512,81.0038,-91.4966
-8.9282,27.1161,81.0177,-91.4736
-8.6881,26.9640,80.8974,-91.3672
-8.6881,26.7015,80.3851,-91.3106
-8.4481,26.5025,80.1498,-91.2385
-8.4481,26.4028,79.9405,-91.1907
-8.0919,26.0462,79.3987,-91.0998
-8.0919,25.9534,79.1805,-91.0532
-7.7262,25.6630,78.7278,-90.9770
-7.7262,25.5311,78.3848,-90.9104
-7.9671,25.4571,77.9731,-90.9415
-9.1672,25.5531,77.1364,-91.0213
-9.2824,25.6566,77.3362,-91.0716
-9.2824,25.9025,78.0307,-91.1336
-9.4063,26.0153,78.2180,-91.1873
-9.8835,26.2167,78.2770,-91.2613
-10.2364,26.3028,78.1519,-91.2528
-10.3593,26.3777,78.2121,-91.3287
-11.0614,26.6104,78.0551,-91.4276
-11.1840,26.6868,78.1129,-91.4549
-11.0615,26.6995,78.2769,-91.4933
-10.4736,26.5434,78.5050,-91.3873
-10.3593,26.4667,78.4342,-91.3589
-9.8835,26.3484,78.6067,-91.2975
-9.7599,26.2749,78.5441,-91.2760
-9.1672,26.0912,78.6286,-91.1839
-9.1672,26.2260,78.9671,-91.2657
-9.0432,26.2443,79.1106,-91.2506
-9.1672,26.3645,79.2886,-91.2695
-8.9278,26.4542,79.6819,-91.2646
-8.9278,26.6011,80.0050,-91.3451
-8.8125,26.6261,80.1398,-91.3298
-9.0431,26.4793,79.6451,-91.2834
-9.6450,26.6664,79.5552,-91.3813
-10.2360,26.9554,79.6567,-91.5007
-9.0431,26.4330,79.5424,-91.2718
-9.0431,26.3832,79.4315,-91.2449
-9.2825,26.3904,79.2507,-91.2305
-10.4736,26.9168,79.3586,-91.5015
-9.4063,26.4197,79.2082,-91.2939
-9.1674,26.3648,79.2882,-91.2980
-9.0432,26.2890,79.2156,-91.2363
-9.1672,26.1375,78.7439,-91.2024
-9.4064,26.1447,78.5508,-91.1686
-9.8835,26.3484,78.6067,-91.3019
-11.0614,26.7000,78.2763,-91.4581
-11.1840,26.7771,78.3330,-91.4855
-11.2977,26.7178,78.0674,-91.4216
-11.1840,26.6440,78.0061,-91.4448
-10.8253,26.5445,78.1514,-91.4514
-10.3592,26.3358,78.1038,-91.3145
-9.8835,26.2167,78.2770,-91.2572
-9.6452,26.0710,78.1374,-91.2086
-9.5213,26.0430,78.1780,-91.2070
-9.2825,25.9010,78.0328,-91.1401
-9.2824,25.6576,77.3348,-91.0617
-6.2843,24.8495,77.4477,-90.6778
-6.4011,25.0208,77.9002,-90.7249
-6.5268,25.0812,77.9948,-90.7434
-6.5267,25.1579,78.2213,-90.7846
-6.6434,25.2194,78.3146,-90.7840
-6.6434,25.3411,78.6584,-90.8451
-6.8854,25.5133,78.9438,-90.8744
-6.8854,25.6911,79.3908,-90.9111
-6.7689,25.7154,79.5254,-90.9325
-6.7689,26.2441,80.6983,-91.0095
-6.6434,26.2763,80.8358,-91.0303
-6.6434,26.5908,81.4462,-91.0527
-6.5268,26.6241,81.5696,-91.0749
-6.5267,26.7847,81.8644,-91.0996
-6.4011,26.8246,81.9922,-91.0917
-6.4011,27.1675,82.5670,-91.1113
-6.2843,27.2062,82.6837,-91.1332
-6.2843,27.2066,82.6832,-91.1012
-6.4011,27.1671,82.5675,-91.0849
-6.4011,26.8251,81.9916,-91.0645
-6.5268,26.7861,81.8626,-91.0417
-6.5267,26.6226,81.5715,-91.0195
-6.6434,26.5904,81.4467,-91.0286
-6.6434,26.2767,80.8353,-91.0030
-6.7689,26.2437,80.6989,-90.9798
-6.7689,25.7157,79.5249,-90.9065
-6.8855,25.6907,79.3913,-90.8871
-6.8854,25.5133,78.9438,-90.8756
-6.7689,25.4486,78.8549,-90.8552
-6.6434,25.1776,78.1933,-90.7807
-6.5268,25.1196,78.1080,-90.7624
-6.5267,25.0399,77.8728,-90.7204
-0.4273,24.3687,78.1322,-90.0469
-0.8000,24.4509,78.3640,-90.0907
-1.0454,24.4183,78.2424,-90.0876
-1.1636,24.4592,78.3522,-90.1194
-1.2908,24.3856,78.1080,-90.1243
-1.6543,24.3981,78.0904,-90.1415
-1.7723,24.3680,77.9653,-90.1772
-2.0176,24.3790,77.9498,-90.1916
-2.5077,24.3329,77.6671,-90.2647
-2.9975,24.3659,77.6204,-90.3158
-3.4869,24.3328,77.3196,-90.3570
-4.4641,24.4283,77.1843,-90.4541
-4.7080,24.4891,77.2651,-90.4655
-4.9518,24.5898,77.4696,-90.5110
-4.9517,24.6294,77.5938,-90.5382
-5.4296,24.8024,77.8635,-90.6038
-5.6728,24.9926,78.2899,-90.6609
-5.7988,25.2594,78.9581,-90.7227
-6.1585,25.5296,79.4415,-90.8101
-6.4011,25.9403,80.2598,-90.9103
-6.2843,25.8254,80.0724,-90.8767
-6.2843,25.6852,79.7516,-90.8256
-6.0417,25.4692,79.3591,-90.7869
-6.0417,25.3800,79.1357,-90.7527
-5.7988,25.2152,78.8397,-90.7152
-5.6728,24.9541,78.1767,-90.6542
-5.4296,24.7656,77.7481,-90.5958
-5.3125,24.7500,77.7703,-90.5964
-4.8253,24.5038,77.2443,-90.4964
-4.5816,24.4404,77.1670,-90.4846
-3.4869,24.3328,77.3196,-90.3559
-2.9975,24.3659,77.6204,-90.3135
-2.5077,24.3329,77.6671,-90.2626
-2.3897,24.3608,77.7950,-90.2706
-2.1447,24.3469,77.8148,-90.2544
-1.6542,24.3997,78.0881,-90.1798
-1.2909,24.3851,78.1088,-90.1812
-0.9182,24.4534,78.3605,-90.1021
-5.5557,24.4258,76.4939,-90.5313
-5.9158,24.6853,77.1664,-90.6142
-6.0417,24.8518,77.6251,-90.6605
-5.9158,24.6481,77.0391,-90.6066
7.7262,24.9911,76.7303,-89.2102
7.7262,25.0627,76.9754,-89.1617
7.3691,24.9952,77.0722,-89.1807
7.1274,24.8792,76.8900,-89.2605
5.7988,24.6684,77.1904,-89.3972
5.6728,24.6129,77.0891,-89.4135
5.5557,24.6339,77.2394,-89.4009
5.3125,24.6011,77.2862,-89.4209
4.8253,24.6145,77.6150,-89.4843
4.3375,24.5597,77.6929,-89.5354
4.2200,24.5831,77.8273,-89.5219
3.9758,24.5583,77.8627,-89.5406
3.4869,24.5909,78.1649,-89.6116
3.3601,24.5429,78.0653,-89.6193
2.9975,24.5926,78.3434,-89.6613
2.9975,24.5926,78.3434,-89.6601
3.2423,24.5698,78.1948,-89.6693
3.3601,24.5028,77.9415,-89.6551
3.4869,24.5898,78.1663,-89.6143
3.6047,24.5636,78.0357,-89.6198
3.8491,24.5855,78.0046,-89.6021
4.3375,24.5597,77.6929,-89.5329
4.8253,24.6145,77.6150,-89.4816
4.9427,24.5898,77.4696,-89.4975
5.1863,24.6198,77.4270,-89.4783
5.6728,24.6134,77.0885,-89.4168
5.7988,24.6680,77.1910,-89.4023
7.1273,24.8807,76.8878,-89.2646
7.6101,25.0416,77.0058,-89.1950
7.7262,25.0254,76.8485,-89.2195
7.4852,24.9072,76.6699,-89.2359
6.4011,24.5513,76.3158,-89.3919
6.1586,24.5447,76.4919,-89.3711
4.3375,24.3092,76.8260,-89.5769
4.2200,24.3319,76.9737,-89.5638
3.7314,24.2845,77.0409,-89.6308
3.6047,24.3061,77.1773,-89.6194
3.3601,24.2849,77.2075,-89.6372
2.8706,24.3192,77.5062,-89.7038
2.6257,24.3739,77.7762,-89.6860
2.6257,24.4494,78.0173,-89.7063
2.5077,24.4820,78.1519,-89.7055
2.6257,24.6465,78.6159,-89.6947
2.5077,24.5974,78.5046,-89.7023
2.5077,24.4804,78.1539,-89.7332
2.6257,24.4499,78.0168,-89.7296
2.6257,24.3383,77.6592,-89.7349
3.2423,24.2761,77.2199,-89.6722
4.2200,24.3323,76.9731,-89.5822
4.3375,24.3088,76.8266,-89.5949
6.1585,24.5457,76.4906,-89.4045
6.4012,24.5503,76.3171,-89.4230
7.0019,24.7519,76.5442,-89.3060
7.2437,24.7940,76.4843,-89.3089
7.6101,24.9691,76.7617,-89.2170
-5.1862,24.2796,76.1881,-90.4741
-5.0690,24.2313,76.0770,-90.4607
-5.0690,24.2645,76.2094,-90.4724
-5.1863,24.3104,76.3111,-90.4781
-5.3124,24.4608,76.7909,-90.5233
-5.0691,24.4975,77.0857,-90.5551
-4.7080,24.3860,76.8970,-90.4649
-4.7080,24.3860,76.8970,-90.4653
-4.5815,24.3357,76.7886,-90.4520
-3.8491,24.2274,76.7750,-90.3697
-3.7314,24.1839,76.6697,-90.3607
-3.6047,24.2045,76.8073,-90.3650
-3.4869,24.1621,76.7004,-90.3377
-2.5077,24.0902,76.8021,-90.2391
-2.3897,24.1150,76.9340,-90.2461
-1.8995,24.0895,76.9700,-90.1831
-1.7723,24.1161,77.0994,-90.1892
-0.8000,24.1215,77.2716,-90.0798
-0.3091,24.2197,77.6472,-90.0311
-0.3091,24.2918,77.8927,-90.0339
-0.0636,24.3292,78.0203,-90.0339
-0.0636,24.4051,78.2610,-90.0067
0.0636,24.4428,78.3755,-90.0072
0.0636,24.4432,78.3750,-89.9925
-0.0636,24.3654,78.1367,-89.9932
-0.6728,24.1529,77.3944,-90.0691
-1.1636,24.1303,77.2592,-90.1169
-1.2908,24.0979,77.1250,-90.1126
-2.3897,24.1153,76.9335,-90.2311
-2.5077,24.0898,76.8026,-90.2245
-3.4869,24.1625,76.6999,-90.3316
-3.6046,24.2046,76.8072,-90.3409
-3.7314,24.1839,76.6697,-90.3375
-3.8491,24.2270,76.7755,-90.3648
-4.5815,24.3361,76.7880,-90.4476
-5.0690,24.4992,77.0835,-90.5150
-5.3125,24.4591,76.7932,-90.4845
-5.1863,24.3756,76.5650,-90.4949
-5.6728,23.7563,73.1389,-90.3420
-5.7988,23.8645,73.6729,-90.3820
-6.0417,23.9742,74.0400,-90.4235
-6.0417,24.0239,74.3137,-90.4582
-6.0417,24.0248,74.3124,-90.4405
-6.0417,23.9732,74.0413,-90.4062
-5.7988,23.8645,73.6729,-90.3824
-5.9158,23.8591,73.5151,-90.3656
-6.1586,23.9181,73.5974,-90.3965
-6.7689,24.2760,74.8121,-90.5375
-6.8854,24.4119,75.3096,-90.5856
-6.7689,24.2760,74.8121,-90.5390
-6.6434,24.2255,74.7049,-90.5196
-6.6434,24.1708,74.4377,-90.4814
-6.4011,24.0309,73.9602,-90.4478
-6.1586,23.9419,73.7419,-90.4128
-6.0417,23.8338,73.2078,-90.3723
-5.9158,23.7917,73.0892,-90.3549
-5.7988,23.8174,73.3958,-90.3907
-5.4296,23.4280,70.6989,-90.1958
-5.4296,23.4677,71.1615,-90.2436
-5.6729,23.5334,71.4112,-90.2495
-5.6728,23.5662,71.7069,-90.2779
-6.1585,23.7478,72.4658,-90.3342
-6.2843,23.8720,73.1542,-90.3857
-6.6434,24.0710,73.9037,-90.4630
-6.8855,24.1613,74.1200,-90.4997
-6.8854,24.2389,74.5199,-90.5573
-7.2436,24.4449,75.0840,-90.6041
-6.8854,24.2132,74.3780,-90.5181
-6.8854,24.1620,74.1190,-90.4799
-7.0019,24.1566,73.9484,-90.4779
-6.8855,24.1364,73.9770,-90.4980
-6.6435,24.0439,73.7637,-90.4515
-6.5268,23.9540,73.3816,-90.3984
-6.2844,23.8703,73.1565,-90.3835
-6.1585,23.7293,72.3270,-90.3264
-5.9159,23.6530,72.0918,-90.2923
-5.6728,23.5351,71.4089,-90.2452
-5.4297,23.4683,71.1608,-90.2137
6.0417,23.7909,72.9253,-89.6465
6.1585,23.8090,72.9000,-89.6459
7.0019,24.1331,73.8161,-89.5134
7.0019,24.1825,74.0901,-89.4728
7.4850,24.4897,75.0205,-89.3775
7.8512,24.6515,75.3150,-89.3144
8.2077,24.9131,75.9678,-89.2179
8.2077,24.9797,76.2192,-89.1702
8.4482,25.0986,76.3965,-89.1510
8.4481,25.1703,76.6411,-89.1001
8.8035,25.4718,77.2533,-89.0176
8.8035,25.7120,77.9556,-88.9457
8.9278,25.7789,78.0277,-88.9207
8.9278,26.6512,80.1031,-88.6821
8.8036,26.6764,80.2505,-88.6544
8.8035,26.9333,80.7574,-88.6307
8.6881,26.9636,80.8980,-88.5994
8.5637,27.3737,81.7135,-88.5572
8.4481,27.4090,81.8479,-88.5306
8.4481,27.6410,82.2250,-88.5210
8.3235,27.6728,82.3518,-88.4927
8.4481,27.8160,82.5006,-88.4847
8.3235,27.8500,82.6245,-88.4585
8.3235,27.9713,82.8065,-88.4492
8.5638,28.0824,82.8289,-88.4520
8.6881,28.0442,82.6973,-88.4418
9.0434,28.1169,82.5883,-88.4106
9.5213,28.1016,82.2479,-88.2879
9.9981,27.9190,81.6230,-88.2746
10.1128,27.7747,81.3037,-88.3607
10.1127,27.8901,81.4923,-88.2349
9.6450,28.1296,82.2060,-88.2654
9.1672,28.0863,82.4591,-88.3346
9.0432,28.1180,82.5866,-88.3077
8.6881,28.0446,82.6967,-88.4116
8.4482,28.1182,82.9502,-88.3533
8.0919,28.8263,84.0825,-88.3563
7.8512,28.9829,84.3924,-88.3728
7.8512,29.1194,84.5548,-88.3286
7.4850,29.4787,85.1230,-88.3644
6.7599,29.8714,85.8255,-88.4541
6.7599,29.9487,85.9016,-88.4365
6.2843,30.1830,86.2956,-88.5184
6.2843,30.4922,86.5748,-88.4901
6.1585,30.5501,86.6681,-88.4668
6.1585,31.2693,87.2589,-88.4429
7.0019,32.5705,87.9092,-88.0920
7.0019,32.7444,88.0222,-88.0491
6.1585,32.6277,88.2120,-88.2951
6.8854,32.7280,88.0490,-88.1070
7.0019,32.6541,87.9639,-88.1246
6.1585,31.3544,87.3246,-88.4342
6.1585,30.5505,86.6676,-88.5088
6.2843,30.4919,86.5753,-88.5259
6.2843,30.1830,86.2956,-88.5166
6.4011,30.0461,86.1287,-88.5578
7.4850,29.4099,85.0486,-88.3782
8.2077,28.6512,83.8020,-88.3699
8.2077,28.4513,83.5458,-88.4392
8.3235,28.4130,83.4274,-88.4238
8.3235,28.2204,83.1619,-88.4235
8.4481,28.1840,83.0408,-88.4508
8.4481,28.0594,82.8631,-88.4599
8.3235,27.9717,82.8060,-88.4589
8.3235,27.6732,82.3513,-88.5242
8.4481,27.6406,82.2256,-88.5529
8.4481,27.4094,81.8474,-88.5616
8.5637,27.3733,81.7140,-88.5911
8.5637,27.1507,81.3250,-88.6021
8.6881,27.1232,81.1929,-88.6301
8.6881,26.9622,80.8998,-88.6680
8.8036,26.9329,80.7580,-88.6577
8.8035,26.6768,80.2499,-88.6847
8.9278,26.6508,80.1037,-88.7156
8.9278,25.7793,78.0271,-88.9172
8.8036,25.7117,77.9561,-88.9394
8.8035,25.4718,77.2533,-89.0142
8.6881,25.4093,77.1752,-89.0388
8.6881,25.3331,76.9361,-89.0896
8.4481,25.1368,76.5220,-89.1354
8.2079,25.0149,76.3490,-89.1807
8.2077,24.9469,76.0990,-89.2288
7.8512,24.6812,75.4392,-89.3032
7.4850,24.5203,75.1559,-89.3656
7.0019,24.2083,74.2193,-89.4831
7.0019,24.1561,73.9490,-89.5235
-2.8796,23.2281,71.8374,-90.1272
-2.8796,23.2599,72.1346,-90.1440
-3.1244,23.3320,72.5407,-90.1603
-3.1244,23.3687,72.8314,-90.1783
-3.2423,23.3790,72.8171,-90.1690
-3.1245,23.3494,72.6810,-90.1661
-3.1244,23.3136,72.4016,-90.1473
-1.0454,22.9532,69.6684,-90.0235
-1.5270,23.0069,70.2750,-90.0437
-1.5270,23.0270,70.5753,-90.0523
-1.7723,23.0604,70.8698,-90.0568
-1.8995,23.0680,70.8593,-90.0607
-1.5270,23.0172,70.4248,-90.0459
-1.4089,22.9802,69.9713,-90.0328
-1.1636,22.9549,69.6658,-90.0282
6.7599,23.5295,68.6894,-89.8692
6.8855,23.5519,68.6580,-89.8700
7.3688,23.6755,69.1663,-89.8173
7.4851,23.7251,69.6016,-89.7542
7.9671,23.8598,69.9305,-89.7362
8.0919,23.9675,70.8029,-89.6633
8.4481,24.0913,71.1349,-89.6140
8.8035,24.2788,71.8965,-89.5252
9.2824,24.4931,72.4435,-89.4369
9.6450,24.7462,73.2922,-89.3224
9.8836,24.8538,73.4704,-89.2716
10.1127,25.0214,73.9200,-89.2083
10.1127,25.0768,74.1854,-89.1493
9.7599,24.7993,73.3823,-89.2991
9.5215,24.6884,73.1962,-89.3519
8.9278,24.3263,71.9943,-89.5061
8.6882,24.2310,71.7864,-89.5540
8.4481,24.1086,71.2876,-89.6008
8.0919,23.9823,70.9465,-89.6510
7.9671,23.8717,70.0781,-89.7244
7.6101,23.7635,69.7246,-89.7678
7.4851,23.7385,69.7597,-89.7666
7.4850,23.7164,69.4497,-89.8148
0.7909,22.9316,69.3577,-89.9842
1.0364,22.9513,69.6708,-89.9796
1.5270,22.9694,69.6457,-89.9651
1.5270,22.9694,69.6457,-89.9651
1.0363,22.9531,69.6684,-89.9763
0.7909,22.9378,69.5130,-89.9794
0.9182,22.8846,67.2171,-89.9994
0.9182,22.8961,68.2092,-89.9912
0.4273,22.8957,68.5501,-89.9946
0.3091,22.9320,69.5211,-89.9934
0.1818,22.9391,69.6878,-89.9924
-0.0636,22.9384,69.6887,-89.9958
-0.4273,22.9686,70.1515,-90.0116
-0.9182,22.9877,70.3017,-90.0264
-1.1636,23.0275,70.7515,-90.0384
-1.1636,23.0514,71.0592,-90.0451
-1.8995,23.1220,71.4666,-90.0761
-1.8995,23.1509,71.7677,-90.0871
-2.1446,23.2304,72.3404,-90.1043
-2.5077,23.3057,72.7420,-90.1325
-2.5077,23.3253,72.8921,-90.1400
-3.2423,23.4813,73.5241,-90.1986
-3.2423,23.5249,73.8059,-90.2171
-3.4869,23.6415,74.3293,-90.2430
-4.0934,23.8273,74.9217,-90.3134
-4.8253,24.2999,76.5055,-90.4560
-4.9517,24.3150,76.4841,-90.4561
-4.0934,23.8015,74.7922,-90.3075
-3.6046,23.6778,74.4565,-90.2562
-3.2423,23.5042,73.6699,-90.2033
-3.2423,23.4596,73.3893,-90.1847
-2.9976,23.4184,73.2694,-90.1849
-2.5077,23.3057,72.7420,-90.1324
-2.5077,23.2875,72.6027,-90.1256
-2.1446,23.2138,72.1989,-90.1013
-1.8995,23.1220,71.4666,-90.0761
-1.4089,23.0605,71.0466,-90.0505
-1.2908,23.0562,71.0525,-90.0506
-1.1636,23.0387,70.9000,-90.0425
-1.1636,23.0143,70.5929,-90.0333
-0.8000,22.9745,70.1433,-90.0218
-0.5546,22.9694,70.1504,-90.0218
-0.1818,22.9396,69.6871,-90.0042
0.0636,22.9384,69.6887,-90.0042
0.3091,22.9228,69.3698,-89.9989
0.4273,22.8957,68.5501,-89.9946
0.9182,22.8929,68.0498,-89.9925
-4.4641,23.1392,66.3483,-89.9735
-4.9517,23.1989,66.7806,-89.9990
-5.0690,23.2143,66.7591,-89.9986
-6.0417,23.3741,67.8850,-90.0657
-5.7989,23.3434,68.2681,-90.1038
-5.9158,23.3632,68.2405,-90.0807
-6.0417,23.3728,67.8868,-90.0472
-5.9158,23.3458,67.5841,-90.0317
-5.1862,23.2306,66.7365,-89.9984
2.7527,22.9756,66.5742,-90.0110
2.9976,22.9935,66.5493,-90.0112
3.9758,23.0832,67.1052,-89.9937
3.4869,23.0344,67.0092,-89.9987
0.7909,22.8896,66.1894,-90.0067
1.0364,22.8920,66.3499,-90.0041
1.2817,22.9008,67.8751,-89.9914
1.5271,22.9115,68.0241,-89.9877
1.5270,22.9215,68.5143,-89.9742
1.1636,22.9213,68.8549,-89.9820
3.1154,23.0919,69.9802,-89.9169
3.6046,23.1346,69.9208,-89.9038
3.7314,23.1566,70.0670,-89.8932
3.9758,23.1808,70.0334,-89.8956
4.5815,23.3181,70.8523,-89.8333
4.6989,23.3320,70.8329,-89.8335
5.1862,23.4366,71.2050,-89.7897
5.1862,23.4659,71.5055,-89.7596
5.5557,23.5665,71.8711,-89.7361
5.6728,23.5833,71.8477,-89.7366
6.1585,23.7478,72.4658,-89.6657
6.6434,23.8672,72.6406,-89.6218
6.8854,24.0177,73.2922,-89.5602
6.6434,23.8886,72.7882,-89.6119
6.4012,23.8056,72.5622,-89.6483
6.0419,23.7277,72.4941,-89.6600
6.0417,23.7108,72.3529,-89.6883
5.1862,23.4822,71.6472,-89.7677
5.1862,23.4500,71.3507,-89.7975
4.3375,23.2775,70.7447,-89.8478
4.3375,23.2520,70.4391,-89.8728
4.2200,23.2277,70.2962,-89.8728
4.0934,23.2143,70.3149,-89.8697
3.8491,23.1670,70.0525,-89.8961
2.7527,23.0551,69.8673,-89.9299
2.5078,23.0190,69.5768,-89.9455
2.2627,23.0048,69.5965,-89.9429
1.8995,22.9704,69.3038,-89.9623
1.6543,22.9583,69.3206,-89.9621
1.4090,22.9339,69.0140,-89.9767
1.0364,22.9156,68.8629,-89.9802
1.1636,22.9156,68.6989,-89.9869
1.4089,22.9236,68.6880,-89.9837
1.5270,22.9233,68.5118,-89.9845
1.5270,22.9146,68.1836,-89.9899
1.2817,22.8990,67.8775,-89.9939
1.0363,22.8907,66.5280,-90.0053
-0.1818,22.9041,65.3121,-89.9971
0.0636,22.9029,65.3138,-89.9972
0.3091,22.8924,65.6687,-90.0006
0.3091,22.8849,66.0194,-90.0020
0.5546,22.8809,66.3652,-90.0011
0.3091,22.8816,66.2005,-90.0052
0.3091,22.8886,65.8504,-90.0043
-0.0636,22.9037,65.3127,-89.9990
-0.1818,22.8978,65.4973,-89.9992
-0.0636,22.8872,65.8524,-89.9985
-0.0636,22.8739,66.8916,-89.9999
-0.0636,22.8732,67.0564,-90.0001
-0.1818,22.8736,67.0558,-90.0000
-0.0636,22.8735,66.8922,-89.9994
-0.0636,22.8885,65.8505,-89.9993
-0.1818,22.8930,65.6679,-89.9991
-3.7314,23.1112,64.5205,-89.9203
-4.3375,23.1697,64.6154,-89.9160
-4.5816,23.1843,64.9230,-89.9406
-5.0690,23.2435,65.0171,-89.9229
-5.5557,23.2987,65.4444,-89.9388
-5.1862,23.2597,64.9945,-89.9210
-4.9518,23.2268,65.0403,-89.9221
-4.0934,23.1498,64.4666,-89.9147
3.4869,23.1450,63.4512,-90.1039
3.7315,23.1565,63.6119,-90.0931
4.3375,23.2243,63.5176,-90.1236
4.4550,23.2277,63.6769,-90.1111
5.1862,23.3139,63.7334,-90.1340
5.4297,23.3288,64.0534,-90.1033
5.6729,23.3667,64.0006,-90.1257
7.1273,23.5788,64.7133,-90.1078
7.4850,23.6354,65.1509,-90.0798
7.0019,23.5547,64.7470,-90.1038
4.8253,23.2751,63.6109,-90.1312
4.4552,23.2263,63.6789,-90.1296
4.3375,23.2238,63.5182,-90.1331
3.7314,23.1576,63.6104,-90.1053
-0.3091,23.1398,61.5881,-89.9858
-0.4273,23.1222,61.7897,-89.9868
-0.4273,23.0717,62.3660,-89.9849
-0.6728,23.0773,62.3580,-89.9830
-1.0454,23.1189,61.9586,-89.9550
-1.5270,23.1039,62.3210,-89.9389
-1.6542,23.1241,62.1286,-89.9344
-1.8995,23.1203,62.2982,-89.9362
-2.3897,23.1503,62.2565,-89.9040
-2.5077,23.1431,62.4308,-89.9111
-2.9975,23.1654,62.5767,-89.8884
-3.2423,23.1569,62.9297,-89.9066
-3.6048,23.1910,62.8821,-89.8884
-4.0934,23.2191,63.1840,-89.8712
-4.3376,23.2224,63.5203,-89.8958
-4.7081,23.2577,63.6351,-89.8879
-4.9518,23.2704,63.9581,-89.8999
-5.0690,23.2882,63.9334,-89.8795
-6.7689,23.4861,66.0401,-89.9720
-7.0019,23.5274,66.6629,-90.0113
-7.6101,23.6594,67.4866,-90.0755
-8.0919,23.8066,68.6422,-90.1721
-8.0919,23.8223,68.9607,-90.2208
-8.4481,23.9517,69.6248,-90.2635
-8.5726,24.0571,70.5000,-90.3407
-8.6881,24.0981,70.6193,-90.3660
-8.8124,24.2242,71.4540,-90.4367
-8.9278,24.2693,71.5678,-90.4627
-8.9278,24.3669,72.2793,-90.5183
-9.0431,24.4152,72.3887,-90.5444
-9.0431,25.0943,75.7092,-90.8571
-8.9278,25.1023,75.8772,-90.8854
-8.9278,25.3482,76.7341,-90.9468
-8.4481,25.3191,77.1241,-90.9227
-8.2079,25.3444,77.4362,-90.9739
-8.3324,25.4491,77.6349,-90.9641
-8.4481,25.4740,77.5992,-90.9554
-8.9278,25.7393,77.9163,-91.0714
-8.9278,25.7393,77.9163,-91.0711
-8.6881,25.5634,77.6387,-91.0076
-8.2077,25.3866,77.5567,-90.9315
-8.6881,25.3340,76.9350,-90.9355
-9.0434,25.4109,76.8246,-90.9303
-8.9278,25.3478,76.7347,-90.9476
-9.4063,25.3511,76.2150,-90.9547
-9.7602,25.4348,76.0950,-90.9486
-9.8835,25.4302,75.9215,-90.9576
-10.2364,25.5187,75.7945,-90.9787
-10.3593,25.5189,75.6272,-90.9869
-10.9476,25.6786,75.3976,-91.0666
-11.0615,25.7431,75.4717,-91.0920
-10.9476,25.7471,75.6459,-91.1248
-10.5970,25.6500,75.7857,-91.1028
-10.2360,25.6277,76.1651,-91.0576
-9.9983,25.5663,76.2534,-91.0650
-9.5213,25.5595,76.7787,-91.0316
-9.6451,25.5890,76.7363,-91.0293
-10.1215,25.5983,76.2074,-91.0491
-10.3594,25.6590,76.1201,-91.0443
-10.7108,25.6824,75.7390,-91.0763
-10.9477,25.7468,75.6464,-91.0687
-11.0615,25.7430,75.4718,-91.0611
-10.9476,25.6426,75.2697,-91.0300
-10.8249,25.6441,75.4472,-91.0847
-10.3592,25.5193,75.6266,-91.0120
-10.2361,25.5199,75.7927,-91.0446
-9.8838,25.4291,75.9231,-91.0229
-9.7599,25.4359,76.0933,-91.0151
-9.4067,25.3495,76.2173,-90.9934
-9.2824,25.3559,76.3753,-90.9816
-9.0433,25.3007,76.4546,-90.9589
-8.9278,25.2407,76.3732,-90.9092
-8.9278,25.1028,75.8766,-90.8610
-9.0431,25.0938,75.7097,-90.8316
-9.0431,24.4156,72.3881,-90.5386
-8.9278,24.3665,72.2798,-90.5134
-8.9278,24.2697,71.5672,-90.4568
-8.8125,24.2238,71.4546,-90.4310
-8.8124,24.1712,71.0222,-90.3624
-8.5726,24.0571,70.5000,-90.3421
-8.5726,24.0143,70.0545,-90.2679
-8.2077,23.8672,69.2385,-90.2232
-8.0919,23.7993,68.4885,-90.1622
-7.6101,23.6561,67.3274,-90.0654
-7.0019,23.5271,66.4870,-90.0009
-6.7689,23.4880,65.8611,-89.9616
-5.1862,23.3047,63.9103,-89.8738
-5.0690,23.2882,63.9334,-89.8744
-4.8254,23.2732,63.6137,-89.8473
-4.4642,23.2375,63.4992,-89.8562
-3.9758,23.2189,63.0075,-89.8690
-3.3601,23.1695,62.9121,-89.8850
-2.8796,23.1711,62.3919,-89.8885
-1.8995,23.1214,62.2967,-89.9240
-1.7723,23.1296,62.1208,-89.9184
-1.5271,23.1028,62.3226,-89.9320
-1.0454,23.1189,61.9586,-89.9551
-0.5546,23.0761,62.3596,-89.9779
-0.4273,23.0890,62.1774,-89.9763
-0.5546,23.1395,61.5887,-89.9783
-0.4273,23.1222,61.7897,-89.9762
0.6728,23.1622,61.3923,-90.0322
0.4273,23.1207,61.7919,-90.0278
0.0637,23.1185,61.7949,-90.0189
-0.1818,23.1033,61.9805,-90.0026
-0.0636,23.1198,61.7931,-89.9916
0.3091,23.1196,61.7933,-89.9972
0.9182,23.1501,61.5738,-90.0424
1.1636,23.1563,61.5651,-90.0423
1.6542,23.2134,61.1438,-90.0817
1.7723,23.1989,61.3413,-90.0762
3.1154,23.2903,61.2139,-90.1502
3.2423,23.2832,61.3883,-90.1404
3.6048,23.3163,61.3422,-90.1517
4.3375,23.3463,61.8190,-90.1836
4.9427,23.4084,61.8966,-90.2030
5.6728,23.4711,62.3147,-90.2094
5.9159,23.4808,62.6423,-90.1753
6.2843,23.5316,62.7481,-90.2045
6.5179,23.5471,63.0673,-90.1674
7.0019,23.6176,63.3096,-90.1884
7.3688,23.6622,63.7519,-90.1670
7.4851,23.6857,63.7189,-90.1678
8.8035,23.9185,65.2586,-90.0633
8.8035,23.9157,65.4390,-90.0358
9.5213,24.0950,66.5356,-89.9475
10.1127,24.2988,67.9505,-89.8009
10.1127,24.3134,68.2705,-89.7412
10.3506,24.3957,68.4951,-89.7170
10.3504,24.4249,68.9585,-89.6483
10.4736,24.4726,69.0682,-89.6654
10.4736,24.4957,69.3764,-89.6142
10.5879,24.5406,69.4772,-89.6185
10.5878,24.5666,69.7815,-89.5658
10.8248,24.6944,70.2835,-89.5291
10.9476,24.9124,71.6841,-89.3671
11.0615,24.9651,71.7741,-89.3394
11.0614,25.4852,74.4706,-89.0333
10.9476,25.4825,74.6408,-89.0003
10.9476,25.6436,75.2683,-88.9538
10.8249,25.6441,75.4472,-88.9158
10.8248,25.8571,76.1823,-88.8550
10.7108,25.8995,76.4690,-88.7908
10.5879,25.8675,76.5154,-88.8349
10.2360,25.8898,76.9997,-88.8406
10.2360,26.0503,77.4665,-88.7861
9.9981,26.1582,78.0108,-88.7542
9.9981,26.0725,77.7843,-88.8111
10.1128,26.0583,77.6234,-88.8127
10.1127,25.9758,77.3928,-88.8401
10.2361,25.9687,77.2349,-88.8410
10.3504,25.8418,76.7202,-88.8553
10.8248,25.8571,76.1823,-88.8552
10.8248,25.6446,75.4465,-88.9460
10.9476,25.6431,75.2689,-88.9808
10.9476,25.4829,74.6403,-89.0253
11.0615,25.4848,74.4711,-89.0603
11.0614,24.9655,71.7735,-89.3468
10.9476,24.9120,71.6846,-89.3747
10.8248,24.6944,70.2835,-89.5281
10.7108,24.6464,70.1870,-89.5558
10.7108,24.6160,69.8885,-89.6089
10.5879,24.5672,69.7808,-89.6067
10.3504,24.4066,68.6438,-89.7237
9.5213,24.0974,66.7086,-89.9329
9.2825,24.0305,66.4625,-89.9854
8.8035,23.9160,65.4385,-90.0497
7.3688,23.6622,63.7519,-90.1665
7.2436,23.6368,63.7874,-90.1652
6.8854,23.5953,63.3408,-90.1842
6.7600,23.5715,63.3740,-90.1832
6.1585,23.5100,62.7783,-90.1996
5.7990,23.4618,62.6688,-90.2168
5.5558,23.4510,62.3429,-90.2302
4.5815,23.3764,61.7770,-90.1940
4.3376,23.3454,61.8202,-90.1930
3.9758,23.3386,61.4882,-90.1796
3.2423,23.2837,61.3876,-90.1508
3.1154,23.2898,61.2146,-90.1604
1.7723,23.1994,61.3406,-90.0845
1.6542,23.2128,61.1446,-90.0902
1.5270,23.1876,61.3570,-90.0761
1.2817,23.1778,61.3706,-90.0726
0.9182,23.1155,61.9634,-90.0394
1.0363,23.1345,61.7726,-90.0422
0.4273,23.1968,61.0023,-90.0215
-0.6728,23.2005,60.9971,-89.9656
-0.8000,23.1838,61.1850,-89.9679
-0.8000,23.2028,60.9939,-89.9582
