q1_deg,q2_deg,q3_deg
-18.5646,-6.2994,9.4604
-18.4359,-6.2430,9.5753
-18.3043,-6.2947,9.6480
-18.1751,-6.3454,9.7189
-18.0431,-6.3967,9.7907
-17.9135,-6.4466,9.8606
-17.7811,-6.4972,9.9314
-17.6512,-6.5464,10.0002
-17.5184,-6.5963,10.0699
-17.3880,-6.5378,10.1790
-17.2549,-6.5866,10.2473
-17.1242,-6.6343,10.3140
-16.9906,-6.6827,10.3815
-16.8595,-6.7297,10.4472
-16.7256,-6.6673,10.5553
-16.5941,-6.7133,10.6196
-16.4599,-6.7601,10.6850
-16.3280,-6.8056,10.7485
-16.1934,-6.8516,10.8128
-16.0612,-6.7878,10.9156
-15.9262,-6.8328,10.9786
-15.7936,-6.8768,11.0400
-15.6583,-6.9213,11.1021
-15.5254,-6.8530,11.2031
-15.3897,-6.8964,11.2639
-15.2564,-6.9389,11.3232
-15.1203,-6.8719,11.4224
-14.9868,-6.9133,11.4804
-14.8503,-6.9554,11.5393
-14.7164,-6.8835,11.6360
-14.5797,-6.9245,11.6935
-14.4454,-6.9647,11.7496
-14.3083,-6.8940,11.8446
-14.1738,-6.9330,11.8994
-14.0363,-6.9728,11.9550
-13.8987,-6.8980,12.0486
-13.7637,-6.9359,12.1017
-13.6258,-6.8620,12.1929
-13.4904,-6.8990,12.2450
-13.3522,-6.9368,12.2979
-13.2165,-6.8580,12.3867
-13.0779,-6.8947,12.4382
-12.9420,-6.9305,12.4884
-12.8031,-6.8529,12.5753
-12.6668,-6.8876,12.6241
-12.5277,-6.8064,12.7101
-12.3911,-6.8403,12.7579
-12.2516,-6.7600,12.8416
-12.1148,-6.7931,12.8883
-11.9750,-6.7091,12.9710
-11.8379,-6.6254,13.0507
-11.6979,-6.6580,13.0968
-11.5604,-6.5710,13.1758
-11.4201,-6.6027,13.2208
-11.2825,-6.5167,13.2975
-11.1419,-6.5476,13.3414
-11.0039,-6.4579,13.4172
-10.8631,-6.3699,13.4919
-10.7248,-6.3989,13.5332
-10.5837,-6.3075,13.6072
-10.4453,-6.2167,13.6783
-10.3039,-6.2451,13.7188
-10.1652,-6.1508,13.7892
-10.0236,-6.0583,13.8584
-9.8846,-6.0849,13.8965
-9.7427,-5.9889,13.9649
-9.6035,-5.8936,14.0306
-9.4615,-5.7955,14.0966
-9.3220,-5.8204,14.1325
-9.1797,-5.7237,14.1965
-9.0400,-5.6228,14.2589
-8.8975,-5.5240,14.3204
-8.7576,-5.4213,14.3807
-8.6149,-5.4447,14.4145
-8.4748,-5.3434,14.4729
-8.3318,-5.2390,14.5311
-8.1915,-5.1358,14.5870
-8.0483,-5.0296,14.6429
-7.9078,-4.9246,14.6966
-7.7644,-4.8166,14.7503
-7.6238,-4.7098,14.8019
-7.4802,-4.6001,14.8533
-7.3393,-4.4916,14.9027
-7.1956,-4.3801,14.9519
-7.0545,-4.2699,14.9990
-6.9106,-4.1566,15.0460
-6.9105,-4.0267,15.0643
-6.7694,-3.9120,15.1094
-6.6253,-3.7992,15.1532
-6.4839,-3.6826,15.1957
-6.3396,-3.5680,15.2373
-6.3396,-3.4334,15.2532
-6.1981,-3.3175,15.2929
-6.0536,-3.1982,15.3320
-5.9119,-3.0804,15.3692
-5.7674,-2.9595,15.4061
-5.7673,-2.8253,15.4189
-5.6255,-2.7030,15.4539
-5.4808,-2.5827,15.4877
-5.4808,-2.4446,15.4990
-5.3388,-2.3230,15.5310
-5.1939,-2.1979,15.5622
-5.1939,-2.0613,15.5717
-5.0518,-1.9349,15.6011
-5.0518,-1.7976,15.6094
-4.9068,-1.6702,15.6375
-4.7646,-1.5444,15.6637
-4.7646,-1.4031,15.6705
-4.6195,-1.2765,15.6956
-4.6195,-1.1345,15.7013
-4.4772,-1.0065,15.7244
-4.4771,-0.8637,15.7290
-4.3319,-0.7347,15.7507
-4.3319,-0.5912,15.7542
-4.1895,-0.4609,15.7739
-4.1894,-0.3166,15.7762
-4.0441,-0.1853,15.7946
-4.0441,-0.0402,15.7958
-3.9016,0.0923,15.8122
-3.9015,0.2381,15.8122
-3.7561,0.3745,15.8273
-3.7561,0.5182,15.8261
-3.7561,0.6648,15.8247
-3.6135,0.8000,15.8372
-3.6134,0.9476,15.8344
-3.6134,1.0925,15.8313
-3.4679,1.2318,15.8419
-3.4679,1.3775,15.8374
-3.4679,1.5263,15.8326
-3.3252,1.6644,15.8406
-3.3251,1.8140,15.8344
-3.3251,1.9609,15.8280
-3.1795,2.1032,15.8340
-3.1795,2.2509,15.8261
-3.1795,2.4017,15.8179
-3.0367,2.5426,15.8215
-3.0367,2.6943,15.8119
-3.0367,2.8431,15.8021
-3.0367,2.9952,15.7916
-2.8910,3.1376,15.7927
-2.8910,3.2906,15.7808
-2.8910,3.4407,15.7688
-2.8910,3.5941,15.7560
-2.7481,3.7383,15.7540
-2.7481,3.8925,15.7399
-2.7481,4.0439,15.7256
-2.7481,4.1985,15.7106
-2.7481,4.3504,15.6953
-2.6023,4.4995,15.6899
-2.6023,4.6522,15.6732
-2.6023,4.8081,15.6559
-2.6023,4.9612,15.6383
-2.6023,5.1176,15.6199
-2.6023,5.2713,15.6013
-2.6023,5.4284,15.5817
-2.4594,5.5770,15.5719
-2.4593,5.7348,15.5510
-2.4593,5.8896,15.5301
-2.4593,6.0478,15.5083
-2.4593,6.2032,15.4863
-2.4593,6.3619,15.4633
-2.4593,6.5178,15.4402
-2.4593,6.6771,15.4162
-2.4593,6.8336,15.3920
-2.4593,6.9934,15.3668
-2.4593,7.1504,15.3415
-2.4593,7.3108,15.3151
-2.4593,7.4683,15.2887
-2.4593,7.6292,15.2612
-2.4593,7.7872,15.2337
-2.4593,7.9486,15.2051
-2.4593,8.1071,15.1765
-2.4593,8.2690,15.1468
-2.4593,8.4280,15.1171
-2.4593,8.5904,15.0863
-2.4593,8.7499,15.0555
-2.4593,8.9129,15.0235
-2.4593,9.0728,14.9916
-2.4593,9.2362,14.9585
-2.4593,9.3967,14.9255
-2.4593,9.5606,14.8913
-2.4593,9.7215,14.8572
-2.4593,9.8858,14.8218
-2.4593,10.0472,14.7866
-2.4593,10.2120,14.7502
-2.4593,10.3738,14.7139
-2.6023,10.5440,14.6669
-2.6023,10.7063,14.6292
-2.6023,10.8720,14.5905
-2.6023,11.0347,14.5520
-2.6023,11.2009,14.5122
-2.6023,11.3640,14.4727
-2.7481,11.5357,14.4216
-2.7481,11.6993,14.3806
-2.7481,11.8663,14.3386
-2.7481,12.0302,14.2968
-2.7481,12.1976,14.2537
-2.8910,12.3672,14.2003
-2.8910,12.5351,14.1558
-2.8910,12.6998,14.1119
-2.8910,12.8680,14.0665
-2.8910,13.0331,14.0215
-3.0367,13.2072,13.9638
-3.0367,13.3728,13.9174
-3.0367,13.5418,13.8698
-3.1795,13.7132,13.8110
-3.1795,13.8827,13.7621
-3.1795,14.0489,13.7138
-3.1795,14.2186,13.6640
-3.3252,14.3910,13.6023
-3.3251,14.5612,13.5511
-3.3251,14.7281,13.5007
-3.4679,14.9045,13.4360
-3.4679,15.0718,13.3843
-3.4679,15.2426,13.3312
-3.6135,15.4165,13.2651
-3.6134,15.5876,13.2106
-3.7561,15.7619,13.1432
-3.7561,15.9334,13.0877
-3.7561,16.1050,13.0318
-3.9016,16.2800,12.9620
-3.9015,16.4520,12.9048
-4.0441,16.6275,12.8336
-4.0441,16.7997,12.7753
-4.0441,16.9687,12.7179
-4.1895,17.1483,12.6431
-4.1894,17.3176,12.5843
-4.3319,17.4975,12.5082
-4.3319,17.6671,12.4484
-4.4772,17.8477,12.3703
-4.4771,18.0176,12.3094
-4.6195,18.1984,12.2300
-4.6195,18.3686,12.1681
-4.7646,18.5500,12.0867
-4.9068,18.7284,12.0056
-4.9068,18.9023,11.9408
-5.0518,19.0811,11.8580
-5.0518,19.2553,11.7921
-5.1939,19.4344,11.7081
-5.3388,19.6175,11.6210
-5.3388,19.7886,11.5548
-5.4808,19.9718,11.4668
-5.6255,20.1522,11.3784
-5.6255,20.3270,11.3093
-5.7674,20.5075,11.2199
-5.9119,20.6920,11.1274
-6.0536,20.8732,11.0357
-6.0536,21.0485,10.9644
-6.1981,21.2301,10.8709
-6.3396,21.4154,10.7751
-6.4839,21.5977,10.6792
-6.4838,21.7734,10.6058
-6.6253,21.9558,10.5090
-6.7694,22.1421,10.4090
-6.9106,22.3251,10.3098
-7.0545,22.5121,10.2076
-7.1956,22.6956,10.1063
-7.3393,22.8831,10.0020
-7.4802,23.0671,9.8986
-7.6238,23.2551,9.7921
-7.6237,23.4280,9.7154
-7.7644,23.6159,9.6082
-7.9078,23.6281,9.5777
-8.0483,23.8131,9.4703
-8.1915,24.0021,9.3596
-8.3318,24.1876,9.2498
-8.4748,24.3770,9.1369
-8.6149,24.5630,9.0251
-8.7576,24.7529,8.9100
-8.8975,24.9393,8.7961
-9.0400,25.1297,8.6789
-9.1797,25.1432,8.6442
-9.3220,25.3305,8.5272
-9.4614,25.5213,8.4080
-9.6035,25.7090,8.2887
-9.7427,25.9002,8.1674
-9.8846,25.9148,8.1293
-10.0236,26.1029,8.0083
-10.1652,26.2949,7.8836
-10.3039,26.3099,7.8447
-10.4453,26.4988,7.7203
-10.5837,26.6911,7.5937
-10.7248,26.7069,7.5523
-10.8631,26.8961,7.4261
-11.0039,27.0893,7.2961
-11.1419,27.1053,7.2539
-11.2825,27.2954,7.1243
-11.4201,27.3118,7.0811
-11.5604,27.5057,6.9481
-11.6979,27.6960,6.8164
-11.8379,27.7132,6.7707
-11.9750,27.9074,6.6359
-12.1148,27.9249,6.5892
-12.2516,28.1160,6.4546
-12.3911,28.1339,6.4068
-12.5277,28.3287,6.2688
-12.6668,28.3471,6.2199
-12.8031,28.5388,6.0822
-12.9420,28.5575,6.0322
-13.0779,28.7530,5.8911
-13.2165,28.7721,5.8400
-13.3522,28.7910,5.7896
-13.4904,28.9839,5.6473
-13.6258,29.0032,5.5956
-13.7637,29.0230,5.5426
-13.8987,29.2195,5.3973
-14.0363,29.2397,5.3430
-14.1738,29.4335,5.1968
-14.3083,29.4537,5.1425
-14.4454,29.4745,5.0868
-14.5797,29.6718,4.9378
-14.7164,29.6930,4.8808
-14.8503,29.7140,4.8246
-14.9868,29.9087,4.6742
-15.1203,29.9301,4.6167
-15.2564,29.9521,4.5577
-15.3897,30.1503,4.4045
-15.5254,30.1726,4.3443
-15.6583,30.1948,4.2849
-15.7936,30.2176,4.2238
-15.9262,30.4130,4.0698
-16.0612,30.4362,4.0074
-16.1934,30.4591,3.9459
-16.3280,30.4828,3.8826
-16.4599,30.6822,3.7241
-16.5942,30.7062,3.6595
-16.7256,30.7299,3.5959
-16.8595,30.7544,3.5304
-16.9906,30.7786,3.4657
-17.1242,30.9758,3.3047
-17.2549,31.0003,3.2387
-17.3880,31.0256,3.1711
-17.5184,31.0506,3.1043
-17.6512,31.0763,3.0356
-17.7811,31.1017,2.9677
-17.9135,31.1279,2.8979
-18.0431,31.3291,2.7321
-18.1751,31.3556,2.6610
-18.3043,31.3818,2.5910
-18.4359,31.4088,2.5190
-18.5647,31.4355,2.4479
-18.6959,31.4630,2.3749
-18.8243,31.4901,2.3028
-18.9551,31.5180,2.2287
-19.0832,31.5456,2.1554
-19.2135,31.5739,2.0803
-19.3412,31.6019,2.0060
-19.4712,31.6307,1.9297
-19.5984,31.8303,1.7589
-19.7279,31.8595,1.6813
-19.8548,31.8883,1.6049
-19.9839,31.9180,1.5264
-20.1103,31.9473,1.4489
-20.2390,31.9774,1.3694
-20.3650,32.0072,1.2909
-20.4933,32.0378,1.2102
-20.6189,31.8974,1.2266
-20.7468,31.9287,1.1446
-20.8720,31.9594,1.0639
-20.9994,31.9910,0.9811
-21.1241,32.0223,0.8994
-21.2512,32.0543,0.8155
-21.3755,32.0860,0.7326
-21.5021,32.1186,0.6477
-21.6260,32.1507,0.5638
-21.7521,32.1838,0.4777
-21.8756,32.2164,0.3927
-22.0013,32.2499,0.3056
-22.1243,32.1101,0.3168
-22.2496,32.1443,0.2283
-22.3722,32.1780,0.1412
-22.4970,32.2126,0.0519
-22.6192,32.2467,-0.0363
-22.7435,32.2817,-0.1267
-22.8653,32.3163,-0.2160
-22.9892,32.1831,-0.2127
-23.1105,32.2184,-0.3032
-23.2340,32.2545,-0.3959
-23.3548,32.2902,-0.4873
-23.4778,32.3268,-0.5810
-23.5982,32.1913,-0.5772
-23.7208,32.2287,-0.6723
-23.8407,32.2654,-0.7659
-23.9629,32.3031,-0.8618
-24.0824,32.1726,-0.8626
-24.2040,32.2110,-0.9599
-24.3231,32.2488,-1.0556
-24.4443,32.1169,-1.0586
-24.5629,32.1554,-1.1556
-24.6836,32.1948,-1.2548
-24.8018,32.2337,-1.3526
-24.9221,32.1067,-1.3602
-25.0397,32.1463,-1.4594
-25.1596,32.1868,-1.5608
-25.2768,32.0569,-1.5668
-25.3961,32.0982,-1.6695
-25.5129,32.1388,-1.7706
-25.6318,32.0143,-1.7826
-25.7481,32.0556,-1.8850
-25.8665,31.9288,-1.8967
-25.9824,31.9707,-2.0002
-26.1004,32.0136,-2.1060
-26.2157,31.8905,-2.1197
-26.3332,31.9342,-2.2269
-26.4482,31.8088,-2.2404
-26.5652,31.8530,-2.3487
-26.6819,31.8974,-2.4573
-26.7962,31.7766,-2.4747
-26.9125,31.8217,-2.5847
-27.0262,31.6986,-2.6020
-27.1421,31.7444,-2.7130
-27.2554,31.6255,-2.7337
-27.3707,31.6719,-2.8459
-27.4836,31.5507,-2.8664
-27.5984,31.4344,-2.8922
-27.7108,31.4809,-3.0038
-27.8252,31.3622,-3.0293
-27.9371,31.4094,-3.1420
-28.0510,31.2949,-3.1708
-28.1625,31.1770,-3.1970
-28.2759,31.2262,-3.3136
-28.3869,31.1124,-3.3429
-28.4999,31.1622,-3.4606
-28.6104,31.0461,-3.4898
-28.7229,30.9351,-3.5243
-28.8329,30.9849,-3.6414
-28.9449,30.8715,-3.6756
-29.0545,30.7612,-3.7105
-29.1660,30.6492,-3.7472
-29.2751,30.7005,-3.8665
-29.3862,30.5926,-3.9062
-29.4948,30.4814,-3.9432
-29.6054,30.3750,-3.9854
-29.7135,30.4277,-4.1068
-29.8236,30.3190,-4.1487
-29.9313,30.2133,-4.1912
-30.0409,30.1061,-4.2356
-30.1481,30.0017,-4.2802
-30.2573,29.8959,-4.3268
-30.3640,29.7928,-4.3735
-30.4727,29.6883,-4.4223
-30.5790,29.5866,-4.4712
-30.6871,29.4835,-4.5222
-30.7929,29.3831,-4.5733
-30.9006,29.2814,-4.6265
-31.0060,29.1824,-4.6797
-31.1132,29.0821,-4.7351
-31.2181,28.9844,-4.7905
-31.3248,28.8855,-4.8481
-31.4292,28.7892,-4.9056
-31.5355,28.6917,-4.9654
-31.5354,28.5375,-4.8944
-31.6394,28.4396,-4.9530
-31.7452,28.3469,-5.0169
-31.8487,28.2506,-5.0779
-31.9540,28.1594,-5.1441
-31.9539,28.0035,-5.0744
-32.0570,27.9118,-5.1392
-32.1618,27.8192,-5.2067
-32.1617,27.6672,-5.1400
-32.2643,27.5742,-5.2062
-32.3687,27.4864,-5.2778
-32.3686,27.3322,-5.2113
-32.4708,27.2439,-5.2816
-32.5746,27.1549,-5.3546
-32.5745,27.0046,-5.2911
-32.6762,26.9151,-5.3627
-32.7796,26.8309,-5.4397
-32.7795,26.6783,-5.3766
-32.8808,26.5937,-5.4522
-32.8806,26.4417,-5.3902
-32.9837,26.3593,-5.4702
-32.9836,26.2079,-5.4092
-33.0844,26.1253,-5.4881
-33.0842,25.9744,-5.4282
-33.1868,25.8942,-5.5115
-33.1867,25.7439,-5.4527
-33.2870,25.6635,-5.5348
-33.2869,25.5136,-5.4772
-33.3890,25.4357,-5.5637
-33.3889,25.2864,-5.5071
-33.4887,25.2082,-5.5924
-33.4886,25.0595,-5.5370
-33.4886,24.9136,-5.4829
-33.5902,24.8353,-5.5721
-33.5901,24.6874,-5.5183
-33.6895,24.6117,-5.6074
-33.6894,24.4644,-5.5547
-33.6894,24.3199,-5.5032
-33.7906,24.2442,-5.5963
-33.7904,24.1005,-5.5463
-33.7904,23.9539,-5.4955
-33.8894,23.8812,-5.5889
-33.8893,23.7354,-5.5394
-33.8893,23.5925,-5.4913
-33.9899,23.5198,-5.5887
-33.9898,23.3778,-5.5419
-33.9898,23.2328,-5.4944
-34.0883,23.1631,-5.5921
-34.0882,23.0190,-5.5460
-34.0882,22.8777,-5.5011
-34.0882,22.7338,-5.4557
-34.1884,22.6674,-5.5590
-34.1883,22.5244,-5.5151
-34.1883,22.3842,-5.4723
-34.1883,22.2414,-5.4292
-34.2863,22.1754,-5.5323
-34.2862,22.0335,-5.4906
-34.2862,21.8943,-5.4499
-34.2862,21.7526,-5.4090
-34.2862,21.6140,-5.3695
-34.2862,21.4728,-5.3297
-34.3859,21.4109,-5.4394
-34.3858,21.2707,-5.4010
-34.3858,21.1331,-5.3636
-34.3858,20.9930,-5.3260
-34.3858,20.8559,-5.2896
-34.3858,20.7164,-5.2531
-34.3858,20.5798,-5.2179
-34.4833,20.5168,-5.3283
-34.4832,20.3811,-5.2944
-34.4832,20.2427,-5.2601
-34.4832,20.1073,-5.2270
-34.4832,19.9694,-5.1938
-34.4832,19.8344,-5.1618
-34.4832,19.6970,-5.1297
-34.4832,19.5626,-5.0988
-34.4832,19.4257,-5.0677
-34.4832,19.2918,-5.0379
-34.4832,19.1555,-5.0080
-34.4832,19.0221,-4.9792
-34.4832,18.8863,-4.9504
-34.4832,18.7534,-4.9227
-34.4832,18.6181,-4.8950
-34.4832,18.4857,-4.8684
-34.4832,18.3510,-4.8418
-34.4832,18.2192,-4.8162
-34.4832,18.0850,-4.7907
-34.4832,17.9537,-4.7663
-34.4832,17.8200,-4.7418
-34.4832,17.6893,-4.7185
-34.4832,17.5562,-4.6951
-34.4832,17.4260,-4.6728
-34.4832,17.2934,-4.6506
-34.4832,17.1638,-4.6294
-34.4832,17.0318,-4.6083
-34.3859,16.8226,-4.4419
-34.3858,16.6910,-4.4222
-34.3858,16.5623,-4.4031
-34.3858,16.4313,-4.3842
-34.3858,16.3032,-4.3662
-34.3858,16.1727,-4.3483
-34.3858,16.0452,-4.3314
-34.3858,15.9153,-4.3147
-34.2863,15.7058,-4.1503
-34.2862,15.5764,-4.1350
-34.2862,15.4498,-4.1202
-34.2862,15.3210,-4.1057
-34.2862,15.1949,-4.0920
-34.1884,14.9854,-3.9335
-34.1883,14.8598,-3.9212
-34.1883,14.7320,-3.9088
-34.1883,14.6070,-3.8973
-34.0883,14.3967,-3.7387
-34.0882,14.2721,-3.7285
-34.0882,14.1454,-3.7183
-34.0882,14.0214,-3.7089
-33.9899,13.8135,-3.5560
-33.9898,13.6900,-3.5480
-33.9898,13.5643,-3.5400
-33.9898,13.4414,-3.5328
-33.8894,13.2326,-3.3797
-33.8893,13.1102,-3.3738
-33.8893,12.9856,-3.3680
-33.7906,12.7816,-3.2202
-33.7904,12.6575,-3.2158
-33.7904,12.5361,-3.2118
-33.6895,12.3287,-3.0631
-33.6894,12.2078,-3.0605
-33.5902,12.0025,-2.9163
-33.5901,11.8821,-2.9147
-33.5901,11.7596,-2.9133
-33.4887,11.5558,-2.7686
-33.4886,11.4337,-2.7686
-33.4886,11.3121,-2.7689
-33.3890,11.1106,-2.6291
-33.3889,10.9894,-2.6308
-33.2870,10.7867,-2.4898
-33.2869,10.6661,-2.4926
-33.1868,10.4656,-2.3561
-33.1867,10.3454,-2.3599
-33.0844,10.1439,-2.2223
-33.0842,10.0242,-2.2272
-32.9837,9.8248,-2.0939
-32.9836,9.7057,-2.0999
-32.8808,9.5052,-1.9655
-32.7796,9.3043,-1.8354
-32.7795,9.1882,-1.8429
-32.6762,8.9863,-1.7114
-32.6761,8.8707,-1.7200
-32.5746,8.6710,-1.5928
-32.4708,8.4723,-1.4641
-32.4706,8.3551,-1.4745
-32.3687,8.1586,-1.3499
-32.2643,7.9585,-1.2241
-32.2642,7.8444,-1.2360
-32.1618,7.6466,-1.1143
-32.0570,7.4497,-0.9910
-32.0569,7.3341,-1.0047
-31.9540,7.1394,-0.8854
-31.8487,6.9413,-0.7651
-31.7452,6.7473,-0.6483
-31.7451,6.6327,-0.6642
-31.6394,6.4378,-0.5461
-31.5355,6.2426,-0.4322
-31.4292,6.0484,-0.3166
-31.3248,5.8540,-0.2049
-31.3247,5.7429,-0.2232
-31.2181,5.5474,-0.1103
-31.1132,5.3563,-0.0010
-31.0060,5.1616,0.1095
-30.9006,4.9712,0.2166
-30.7929,4.7774,0.3249
-30.6871,4.5878,0.4299
-30.5790,4.3948,0.5359
-30.4727,4.2060,0.6388
-30.3640,4.0138,0.7427
-30.2573,3.8258,0.8434
-30.1481,3.6344,0.9451
-30.0409,3.4472,1.0437
-29.9313,3.3670,1.1684
-29.8236,3.1782,1.2652
-29.7135,2.9904,1.3635
-29.6054,2.8025,1.4579
-29.4948,2.6156,1.5541
-29.3862,2.5380,1.6737
-29.2751,2.3495,1.7680
-29.1660,2.1652,1.8591
-29.0545,1.9776,1.9510
-28.9449,1.9008,2.0684
-28.8329,1.7160,2.1595
-28.7229,1.5310,2.2464
-28.6104,1.4533,2.3645
-28.4999,1.2711,2.4506
-28.3869,1.0857,2.5371
-28.2759,1.0102,2.6513
-28.1625,0.8275,2.7370
-28.0510,0.6447,2.8185
-27.9371,0.5684,2.9334
-27.8252,0.3883,3.0142
-27.7108,0.3125,3.1281
-27.5984,0.1309,3.2066
-27.4836,-0.0495,3.2866
-27.3707,-0.1231,3.3967
-27.2554,-0.3050,3.4747
-27.1421,-0.3781,3.5837
-27.0262,-0.5573,3.6608
-26.9125,-0.6299,3.7687
-26.7962,-0.8104,3.8435
-26.6819,-0.8825,3.9504
-26.5652,-1.0603,4.0242
-26.4482,-1.1333,4.1322
-26.3332,-1.2047,4.2377
-26.2158,-1.3837,4.3087
-26.1003,-1.4545,4.4130
-25.9824,-1.5264,4.5191
-25.8665,-1.7010,4.5865
-25.7481,-1.7723,4.6913
-25.6318,-1.9483,4.7564
-25.5129,-2.0191,4.8601
-25.3961,-2.0883,4.9615
-25.2768,-2.2626,5.0272
-25.1596,-2.3312,5.1273
-25.0397,-2.4010,5.2291
-24.9221,-2.5750,5.2900
-24.8018,-2.6441,5.3904
-24.6836,-2.7117,5.4886
-24.5629,-2.8841,5.5501
-24.4443,-2.9510,5.6470
-24.3231,-3.0190,5.7456
-24.2040,-3.0853,5.8417
-24.0824,-3.2586,5.8997
-23.9629,-3.3244,5.9945
-23.8408,-3.3912,6.0910
-23.7208,-3.5601,6.1457
-23.5982,-3.6262,6.2408
-23.4778,-3.6908,6.3338
-23.3548,-3.7564,6.4281
-23.2340,-3.8204,6.5201
-23.1105,-3.9913,6.5726
-22.9892,-4.0546,6.6633
-22.8653,-4.1189,6.7555
-22.7435,-4.1817,6.8453
-22.6192,-4.2454,6.9364
-22.4970,-4.3075,7.0252
-22.3722,-4.4745,7.0748
-22.2496,-4.5360,7.1623
-22.1243,-4.5984,7.2512
-22.0013,-4.6593,7.3379
-21.8756,-4.7210,7.4259
-21.7521,-4.7813,7.5115
-21.6260,-4.8424,7.5984
-21.5021,-5.0082,7.6411
-21.3755,-5.0686,7.7266
-21.2512,-5.1276,7.8101
-21.1241,-5.1874,7.8948
-20.9994,-5.2457,7.9773
-20.8720,-5.3048,8.0610
-20.7468,-5.3625,8.1424
-20.6189,-5.4209,8.2250
-20.4933,-5.4778,8.3054
-20.3650,-5.5356,8.3869
-20.2390,-5.5919,8.4662
-20.1103,-5.6489,8.5466
-19.9839,-5.7045,8.6249
-19.8548,-5.7608,8.7043
-19.7279,-5.8157,8.7816
-19.5984,-5.8714,8.8598
-19.4711,-5.9256,8.9360
-19.3412,-5.9805,9.0132
-19.2135,-6.0341,9.0884
-19.0832,-6.0883,9.1645
-18.9551,-6.1411,9.2386
-18.8243,-6.1947,9.3137
-18.6959,-6.2468,9.3867
