-0.1167,32.3649,88.9106,-90.0018
6.0417,43.5244,91.2527,-87.4984
6.0417,43.8819,91.2607,-87.4585
6.1585,44.0213,91.2355,-87.4795
6.1585,44.8751,91.2272,-87.3642
6.1585,44.0215,91.2350,-87.4024
6.0417,43.8829,91.2590,-87.4585
2.6257,39.4202,91.3920,-89.0400
1.7723,39.3855,91.4555,-89.3462
1.6542,39.4979,91.4828,-89.3328
0.4273,39.4747,91.5254,-89.8488
0.3091,39.3572,91.5075,-89.8393
-1.7723,39.3855,91.4555,-90.6742
0.3091,39.3575,91.5070,-89.8704
0.4273,39.4744,91.5259,-89.8877
1.6542,39.4982,91.4823,-89.3732
1.7723,39.3852,91.4560,-89.3894
4.2200,39.5212,91.2068,-88.4161
4.0934,39.6272,91.2452,-88.4235
4.2200,39.7451,91.2452,-88.4766
3.9758,39.7263,91.2797,-88.4057
3.3601,40.0283,91.4091,-88.7114
3.3601,40.2551,91.4429,-88.7132
2.9975,40.6845,91.5394,-88.8288
2.7527,40.6713,91.5643,-88.8456
2.6257,40.8966,91.6016,-88.9885
2.5077,40.8910,91.6120,-88.9757
2.2627,41.1128,91.6563,-89.1058
1.8996,41.0981,91.6841,-89.1156
1.7723,41.2160,91.7018,-89.3068
1.4090,41.2045,91.7236,-89.3018
1.2817,41.3151,91.7378,-89.4972
0.6728,41.3045,91.7579,-89.7123
0.5546,41.1904,91.7502,-89.7433
0.1818,41.1882,91.7543,-89.9162
-0.3091,40.9559,91.7296,-90.1043
-0.6728,40.6075,91.6837,-90.2487
-0.8000,40.6091,91.6809,-90.2635
-1.2908,40.0498,91.5881,-90.4768
-1.1636,40.0468,91.5936,-90.4948
-1.1636,40.1650,91.6104,-90.4316
-0.6728,40.6075,91.6837,-90.2771
-0.5546,40.6061,91.6864,-90.2553
0.1818,41.1882,91.7543,-89.9207
0.5546,41.1895,91.7520,-89.9308
0.6728,41.3045,91.7579,-89.7343
1.2817,41.3151,91.7378,-89.5166
1.7723,41.0951,91.6898,-89.3227
2.1447,41.1069,91.6675,-89.3010
2.3897,41.0062,91.6347,-89.0502
2.6257,40.7842,91.5909,-89.0873
2.6257,40.6656,91.5748,-88.9932
2.8706,40.6773,91.5530,-88.9841
3.3601,40.1376,91.4251,-88.7389
3.2423,39.9030,91.4057,-88.7405
2.9976,39.7802,91.4146,-88.7963
1.7723,39.7272,91.5123,-89.3420
1.6542,39.8322,91.5366,-89.3253
0.1818,39.8077,91.5818,-89.9425
0.0636,39.6982,91.5658,-89.9288
-1.1636,39.7109,91.5425,-90.4471
-1.2908,39.8224,91.5547,-90.4389
-1.4089,39.7164,91.5323,-90.4970
-2.0175,39.6188,91.4777,-90.7401
-1.6543,39.6053,91.5025,-90.7612
-1.5270,39.7198,91.5260,-90.5712
0.0636,39.6985,91.5653,-89.9639
0.1818,39.8075,91.5823,-89.9791
1.6542,39.8324,91.5361,-89.3642
1.7723,39.7270,91.5128,-89.3834
2.9975,39.7809,91.4134,-88.8642
3.1154,39.8960,91.4186,-88.8674
3.3601,39.9103,91.3923,-88.8145
3.4869,39.8101,91.3595,-88.6815
3.8492,39.8333,91.3167,-88.6940
4.0934,39.6275,91.2446,-88.4562
3.9758,39.5024,91.2413,-88.4912
3.3601,39.4608,91.3175,-88.7351
3.1154,39.2218,91.3065,-88.7744
2.7527,39.2031,91.3405,-88.9752
1.8995,38.7229,91.3217,-89.2891
1.4089,38.7078,91.3491,-89.4752
1.2817,38.8188,91.3785,-89.4847
0.0636,38.6893,91.3826,-89.9838
-0.3091,38.9114,91.4251,-90.1043
-0.5546,38.9128,91.4225,-90.1159
-0.5546,38.9134,91.4215,-90.1979
-0.3091,38.9108,91.4261,-90.2052
0.0636,38.6893,91.3826,-89.9839
0.5546,38.6921,91.3775,-89.8091
0.6728,38.8078,91.3986,-89.7932
1.8995,38.7229,91.3217,-89.3006
2.7527,39.2031,91.3405,-89.0040
3.1155,39.2216,91.3067,-88.9786
3.3601,39.4608,91.3175,-88.7383
-6.2843,38.4160,90.5682,-92.2154
-6.1585,38.5047,90.6199,-92.2489
-6.0417,39.0318,90.7618,-92.1677
-5.5557,39.8663,91.0220,-92.0926
-5.3126,40.0655,91.1051,-92.1033
-5.3124,40.1839,91.1209,-92.0091
-5.0691,40.3862,91.1988,-92.0368
-4.5815,41.1437,91.3752,-91.8031
-4.5815,41.6092,91.4205,-91.7987
-4.4641,41.7122,91.4488,-91.8238
-4.4641,42.5353,91.5043,-91.7938
-4.3375,42.6489,91.5300,-91.8253
-4.3375,43.1290,91.5484,-91.7797
-5.1862,44.9004,91.4129,-92.2326
-5.0690,45.0186,91.4302,-92.2323
-4.4641,44.9702,91.5280,-91.9057
-4.3375,44.8318,91.5513,-91.9104
-4.3375,43.8567,91.5615,-91.8442
-4.2200,43.7213,91.5782,-91.7932
-4.2200,43.7216,91.5776,-91.7505
-4.3375,43.8564,91.5620,-91.7779
-4.3375,44.8321,91.5507,-91.8305
-4.2200,44.9521,91.5646,-91.8844
-3.2423,44.8910,91.6880,-91.3748
-3.1245,45.0045,91.6972,-91.4140
-2.8797,44.9919,91.7226,-91.3257
-2.7527,44.8664,91.7377,-91.1787
-2.6347,44.9809,91.7450,-91.1970
-2.3898,44.8502,91.7706,-91.1090
-1.7723,44.8292,91.8128,-90.7515
-1.6542,44.9457,91.8161,-90.7742
-1.4090,44.8189,91.8336,-90.6883
-0.8000,44.8083,91.8551,-90.3327
-0.6728,44.9266,91.8548,-90.3521
-0.4273,44.9241,91.8598,-90.2679
-0.3091,44.8037,91.8643,-90.1263
5.9158,45.0977,91.2707,-87.4451
-0.3091,44.8037,91.8643,-90.1533
-0.4273,44.9244,91.8593,-90.1268
-0.6728,44.9264,91.8553,-90.2068
-0.8000,44.8083,91.8551,-90.3542
-1.4089,44.8195,91.8324,-90.6217
-1.5270,44.9423,91.8230,-90.6063
-1.7723,44.8286,91.8141,-90.6759
-2.3897,44.8507,91.7693,-91.0422
-2.5077,44.9754,91.7560,-91.0319
-2.7527,44.8658,91.7390,-91.0950
-2.8796,44.9924,91.7216,-91.2499
-3.1245,45.0042,91.6977,-91.2406
-3.2423,44.8910,91.6880,-91.4017
-5.1862,45.0291,91.4092,-92.2094
-5.1862,44.7807,91.4170,-92.2007
-4.3375,43.0042,91.5443,-91.8033
-4.3375,42.6480,91.5317,-91.7294
-4.4641,42.5350,91.5048,-91.7567
-4.4641,41.7125,91.4483,-91.7782
-4.5815,41.6089,91.4210,-91.7488
-4.5815,41.1437,91.3752,-91.7875
-5.5557,39.9827,91.0409,-92.0892
-5.9158,39.3521,90.8536,-92.1537
-5.9158,39.1309,90.8117,-92.1346
-6.0417,39.0315,90.7623,-92.1357
-6.0417,38.8125,90.7168,-92.1655
10.1127,38.9128,89.4506,-86.4921
9.6450,39.6841,89.8051,-86.5094
9.6450,39.4663,89.7611,-86.5942
9.8836,39.2947,89.6334,-86.6117
2.9975,37.0584,90.8077,-88.9664
2.8706,37.1523,90.8500,-88.9637
2.3897,37.0268,90.8631,-89.1722
2.2627,37.1223,90.9029,-89.1741
2.3897,37.2376,90.9239,-89.2237
1.8995,37.2177,90.9589,-89.3334
2.1447,37.2267,90.9431,-89.3450
2.2627,37.1226,90.9023,-89.2147
2.1446,37.0159,90.8824,-89.2279
1.7723,37.0021,90.9066,-89.3854
1.7723,37.0021,90.9066,-89.3926
2.6257,37.0382,90.8431,-89.1132
2.7527,37.1460,90.8613,-89.0883
0.5546,36.9749,90.9544,-89.8176
0.5546,37.1855,91.0157,-89.8043
0.0636,37.1832,91.0198,-89.9694
0.0636,37.0733,90.9891,-89.9801
0.1818,37.1832,91.0198,-89.9774
0.4273,37.1844,91.0178,-89.9279
0.5546,37.0764,90.9837,-89.8026
0.3091,36.8626,90.9280,-89.8134
0.4273,36.8646,90.9245,-89.8410
-8.0919,36.8909,89.6139,-92.6673
-7.6101,37.5340,89.9703,-92.6003
-7.7262,38.0729,90.0852,-92.6713
-7.9672,38.3207,90.0769,-92.7183
-7.9671,38.6464,90.1547,-92.7962
-8.3324,39.3447,90.1938,-93.0127
-8.0921,39.5245,90.3084,-93.0519
-8.0919,39.5259,90.3063,-92.9439
-8.0919,39.5259,90.3063,-92.9340
-8.3325,39.3434,90.1958,-92.8823
-8.2077,39.2201,90.2077,-92.9294
-8.3324,39.1269,90.1483,-92.9210
-7.9671,38.5352,90.1280,-92.7798
-7.9671,38.2181,90.0508,-92.7329
-7.6101,37.7433,90.0305,-92.5882
-7.6101,37.5334,89.9713,-92.5658
-8.0919,37.0953,89.6812,-92.6836
9.9981,36.5315,88.7588,-86.8215
9.9981,36.6342,88.7980,-86.7800
10.2362,36.7785,88.7498,-86.7818
10.3504,37.0028,88.7794,-86.6523
10.4736,36.8284,88.6630,-86.7156
10.4736,37.0289,88.7342,-86.6229
10.3505,37.1065,88.8167,-86.5737
10.3504,37.7159,89.0181,-86.5507
10.2361,37.7908,89.0907,-86.5225
10.1127,38.3890,89.3151,-86.5317
9.7599,38.9547,89.6006,-86.5652
9.4063,39.2067,89.7928,-86.6513
9.4063,39.6404,89.8848,-86.6298
9.2824,39.6180,89.9255,-86.6058
9.4063,39.5271,89.8622,-86.7028
9.4063,39.2067,89.7928,-86.6557
10.1127,38.3890,89.3151,-86.5341
10.2360,37.7911,89.0903,-86.5860
10.3505,37.7156,89.0185,-86.6104
10.3504,37.0028,88.7794,-86.6551
9.9981,36.6343,88.7977,-86.8133
2.6257,35.5007,90.3281,-89.1479
3.1154,35.8270,90.3915,-88.9869
3.4869,36.7790,90.6609,-88.8013
3.3601,36.8707,90.7069,-88.8111
3.2423,37.3860,90.8702,-88.8888
2.7527,37.6817,91.0060,-89.0230
2.6257,37.6750,91.0179,-89.0356
2.8706,37.4732,90.9407,-89.1042
2.9975,37.4816,90.9260,-88.9510
3.2423,37.2827,90.8440,-88.9756
3.3601,36.8710,90.7063,-88.8478
3.4869,36.7787,90.6614,-88.8687
3.1154,35.9321,90.4293,-88.9731
9.8835,35.9273,88.5663,-86.9101
9.8835,36.2148,88.6871,-86.8413
9.6450,36.3656,88.8441,-86.9289
9.6450,36.5631,88.9205,-86.8768
9.2824,36.7906,89.1477,-86.9765
9.1672,37.1742,89.3236,-86.9669
9.2824,36.6940,89.1131,-87.0002
9.6450,36.4608,88.8806,-86.9275
9.6450,36.2626,88.8052,-86.9764
9.8836,36.1207,88.6488,-87.0021
-7.3688,34.8044,89.0226,-92.2387
-7.4851,34.9209,89.0390,-92.2651
-7.4850,35.1126,89.1261,-92.3368
-7.1273,35.6449,89.4628,-92.2640
-6.8856,35.7999,89.5986,-92.3004
-6.8854,36.0004,89.6732,-92.2173
-6.7689,36.0879,89.7399,-92.2410
-6.7689,36.4920,89.8841,-92.2190
-6.6434,36.5729,89.9472,-92.2490
-6.6434,36.9837,90.0813,-92.2221
-6.6434,36.5733,89.9467,-92.2029
-6.7689,36.4916,89.8846,-92.1715
-6.8854,35.9043,89.6366,-92.2055
-7.1274,35.7386,89.5028,-92.1654
-7.4850,35.2062,89.1660,-92.3125
-7.4850,34.9197,89.0407,-92.2534
-7.2436,34.3164,88.8279,-92.1566
-7.2436,34.4066,88.8730,-92.1790
-7.3689,34.3350,88.7968,-92.1431
-7.4851,34.5403,88.8604,-92.2450
-7.9671,34.9976,88.9096,-92.4290
-8.2077,35.4224,89.0132,-92.5520
-8.2077,35.8127,89.1762,-92.5808
-8.3324,35.9280,89.1790,-92.6138
-8.3324,36.1254,89.2569,-92.6943
-8.0919,36.3817,89.4355,-92.6236
-8.0919,36.5822,89.5089,-92.6659
-8.4481,36.9496,89.5117,-92.7832
-8.5726,37.1742,89.5434,-92.8352
-8.5726,37.5795,89.6683,-92.8805
-8.6881,37.7066,89.6661,-92.9204
-8.6881,38.0149,89.7563,-93.0253
-8.5726,38.1055,89.8191,-92.9957
-8.5726,38.4191,89.9011,-92.9758
-8.4481,38.5085,89.9663,-93.0150
-8.4481,38.9377,90.0678,-92.9862
-8.4481,38.5089,89.9657,-92.9658
-8.5726,38.4188,89.9016,-92.9204
-8.6881,37.7068,89.6656,-92.9371
-8.5726,37.5792,89.6688,-92.9209
-8.5726,37.1749,89.5421,-92.8628
-8.4481,37.0475,89.5449,-92.8232
-8.4481,36.8435,89.4770,-92.7421
-8.0919,36.4859,89.4733,-92.6336
-8.3324,36.1260,89.2559,-92.6567
-8.3324,35.9276,89.1795,-92.6136
-8.2078,35.8124,89.1767,-92.6239
-8.2077,35.3221,88.9697,-92.5496
-7.9671,34.8987,88.8639,-92.4176
-7.4850,34.4435,88.8114,-92.2411
-7.4850,34.3530,88.7667,-92.2165
-2.8796,33.6750,89.4883,-90.8520
-3.2424,33.6963,89.4529,-90.8577
-3.4869,33.5279,89.3260,-91.0388
-3.9758,33.5654,89.2641,-91.1679
-4.0934,33.4856,89.2011,-91.1605
-3.8491,33.5544,89.2822,-91.2200
-3.3601,33.5190,89.3407,-90.9944
-3.3601,33.6154,89.3914,-91.0008
-3.2423,33.6974,89.4511,-91.0049
9.7599,34.0295,87.6919,-87.2232
10.1127,34.5620,87.8188,-87.0521
10.1127,34.7388,87.9120,-87.0006
10.3504,35.0730,87.9669,-86.9172
10.3504,35.2599,88.0586,-86.8627
10.8248,36.1287,88.2224,-86.6404
10.8248,36.4152,88.3431,-86.5518
10.9476,36.5382,88.3316,-86.5871
10.9476,36.8376,88.4465,-86.5215
11.0615,36.9585,88.4381,-86.4796
11.0614,37.5602,88.6488,-86.3681
11.1840,37.6926,88.6355,-86.3458
11.1840,38.5075,88.8817,-86.1965
11.0615,38.5881,88.9605,-86.1672
11.0614,39.0086,89.0702,-86.1868
10.8248,39.3829,89.2641,-86.1838
10.7108,39.9985,89.4439,-86.1404
10.1127,40.9836,89.8531,-86.2364
8.4481,42.2972,90.5734,-86.6693
8.3235,42.2781,90.6099,-86.6774
7.8512,42.6693,90.7746,-86.8434
7.8512,42.7915,90.7822,-86.8513
7.6101,42.2878,90.8153,-87.0039
8.0919,41.8907,90.6451,-86.8686
8.2078,41.9078,90.6126,-86.8419
9.0431,41.2424,90.2738,-86.5561
9.0431,41.1247,90.2589,-86.5975
9.2825,40.9471,90.1544,-86.6326
9.5213,40.4274,89.9874,-86.4988
9.7600,40.2484,89.8708,-86.5507
10.1127,39.6606,89.6197,-86.3961
10.1127,39.4437,89.5747,-86.4398
10.3504,39.0709,89.3917,-86.3895
10.3504,39.0709,89.3917,-86.3784
10.2361,39.1503,89.4580,-86.3472
10.1127,39.6606,89.6197,-86.3750
9.8835,39.9473,89.7663,-86.4133
9.7599,40.3644,89.8887,-86.4074
9.4063,40.6295,90.0613,-86.4909
9.2824,41.0569,90.1675,-86.4931
9.0433,41.2411,90.2758,-86.4412
9.0431,41.3519,90.2874,-86.5490
7.6101,42.4093,90.8241,-87.0049
7.8513,42.5554,90.7687,-86.9563
8.2077,42.2608,90.6429,-86.7859
8.3235,42.2781,90.6099,-86.7684
10.1127,40.8758,89.8371,-86.2198
10.4736,40.1683,89.5747,-86.2241
10.7109,39.9971,89.4460,-86.2724
10.8248,39.3829,89.2641,-86.2016
11.0614,39.0086,89.0702,-86.1816
11.0614,38.5884,88.9600,-86.2129
11.1840,38.5072,88.8822,-86.2727
11.1840,37.6929,88.6350,-86.3264
11.0615,37.5599,88.6493,-86.3480
11.0614,36.9587,88.4376,-86.4652
10.9476,36.8373,88.4469,-86.4862
10.8248,36.1287,88.2224,-86.6484
10.7108,36.0028,88.2238,-86.6734
10.5878,35.5929,88.1004,-86.7796
10.3506,35.3503,88.1026,-86.8407
10.1127,34.5620,87.8188,-87.0464
9.4063,33.8708,87.7615,-87.3270
9.5213,34.4396,88.0228,-87.2316
10.3504,35.9244,88.3574,-86.7913
10.2361,36.0930,88.4818,-86.7367
10.4736,36.2456,88.4352,-86.7068
10.5878,36.6556,88.5448,-86.6380
10.7108,36.7847,88.5379,-86.6037
10.7108,37.2808,88.7157,-86.5069
10.8249,37.4100,88.7085,-86.4835
10.7108,37.5872,88.8200,-86.3878
10.8248,37.8169,88.8405,-86.3995
10.8248,38.7465,89.1080,-86.2690
10.7108,38.9323,89.2068,-86.2116
10.7108,38.7222,89.1514,-86.3028
10.8249,38.6373,89.0796,-86.3564
10.8248,38.0145,88.9014,-86.3820
10.7108,37.8906,88.9152,-86.4026
10.8249,37.8165,88.8410,-86.4676
10.7108,37.6859,88.8509,-86.4192
10.8248,37.4103,88.7079,-86.4657
10.7108,37.2805,88.7162,-86.4888
10.7108,36.7850,88.5373,-86.5846
10.5879,36.6553,88.5453,-86.6082
10.5878,36.4581,88.4693,-86.7001
10.3506,36.2181,88.4824,-86.7043
10.2361,36.2887,88.5605,-86.7357
10.2360,35.7076,88.3154,-86.8645
9.8835,35.0642,88.1772,-87.0458
9.6450,35.3028,88.3944,-87.0687
9.6450,35.5845,88.5242,-86.9895
9.2824,35.8089,88.7683,-87.0994
8.9278,36.3256,89.1136,-87.1338
8.9278,36.7256,89.2605,-87.1071
8.6881,37.0887,89.4728,-87.1184
8.6881,37.4995,89.6033,-87.0920
8.6881,37.0887,89.4728,-87.1134
8.8036,37.0105,89.4054,-87.1552
8.8035,36.7035,89.2989,-87.1277
8.9278,36.6285,89.2264,-87.1639
8.9278,36.2301,89.0771,-87.1444
9.2824,35.7083,88.7258,-87.1252
9.6450,35.4936,88.4810,-87.0527
9.6450,35.2028,88.3510,-87.1325
9.8835,35.0642,88.1772,-87.0461
9.8835,34.9738,88.1336,-87.0704
9.6452,34.7374,88.1244,-87.1041
9.5213,34.8031,88.2094,-87.1268
9.5213,34.8035,88.2088,-87.1806
9.4063,34.6907,88.2026,-87.1951
9.5213,34.7136,88.1642,-87.2244
9.6451,34.5523,88.0289,-87.2372
9.4063,34.2333,87.9632,-87.2860
-1.8995,32.8883,89.1684,-90.5550
-2.0175,32.9872,89.2146,-90.5500
-2.0175,33.1701,89.3169,-90.5992
-2.3898,33.1863,89.2905,-90.5857
-2.3897,33.0044,89.1864,-90.6882
-2.5077,32.9156,89.1235,-90.6824
-2.2627,32.9975,89.1977,-90.7338
-8.8124,33.5767,87.8467,-92.4901
-8.8124,33.8415,88.0021,-92.5588
-8.6881,33.9138,88.0909,-92.5415
-8.5726,34.3485,88.3690,-92.5234
-8.6881,34.0018,88.1387,-92.5049
-8.8125,33.9367,88.0529,-92.4804
4.4550,32.9694,88.8426,-88.7187
4.3375,33.0454,88.9109,-88.7183
4.4550,33.1504,88.9470,-88.7508
4.6990,33.0789,88.8562,-88.7278
4.8254,33.0921,88.8346,-88.6446
4.6990,33.1735,88.9090,-88.5996
4.6989,33.1739,88.9084,-88.6557
4.4551,33.1501,88.9475,-88.6456
4.3375,33.2275,89.0138,-88.7156
4.8253,33.4575,89.0380,-88.5963
4.3375,33.2279,89.0133,-88.7428
4.4550,33.1504,88.9469,-88.7592
4.3375,33.0455,88.9110,-88.7245
7.0019,33.3611,88.3932,-88.0034
7.0019,33.5415,88.4971,-87.9656
6.5178,33.5684,88.6612,-88.1113
6.1585,33.8897,88.9369,-88.1803
5.1862,33.9558,89.2178,-88.4457
6.0417,33.8750,88.9614,-88.2255
6.4011,33.6409,88.7354,-88.1434
6.2843,33.4419,88.6613,-88.1757
6.0418,33.4109,88.7123,-88.1898
5.5557,33.1712,88.7049,-88.4097
5.3124,33.5086,88.9538,-88.4498
5.0691,33.6658,89.0977,-88.4197
4.8253,33.7387,89.1872,-88.5842
4.4552,33.7020,89.2481,-88.5691
3.9758,33.3804,89.1653,-88.8365
3.9758,33.2916,89.1172,-88.8507
4.4550,33.7034,89.2458,-88.6849
4.8255,33.7373,89.1896,-88.6835
5.4296,33.3385,88.8314,-88.4380
5.4296,33.1560,88.7296,-88.4645
6.0417,33.3239,88.6620,-88.2709
6.4011,33.5527,88.6871,-88.1504
6.8854,33.5253,88.5239,-88.0240
7.0019,33.4545,88.4473,-88.0407
6.8855,33.3439,88.4216,-88.0093
6.5180,33.2911,88.5082,-88.0384
5.7988,32.9336,88.5015,-88.3633
4.3375,32.7787,88.7543,-88.7659
3.9758,32.9274,88.9113,-88.8630
3.7315,32.9072,88.9443,-88.8649
2.9975,33.4060,89.3325,-89.1133
3.2423,33.6064,89.4064,-89.1032
3.7314,33.6426,89.3465,-88.8983
3.8491,33.7414,89.3781,-88.8840
3.8491,33.7417,89.3776,-88.8504
3.7314,33.6423,89.3469,-88.8663
3.1154,33.5994,89.4180,-89.0718
2.9975,33.4951,89.3803,-89.0864
3.1154,33.2288,89.2205,-89.0850
3.6046,32.8981,88.9591,-88.9745
3.8491,32.9164,88.9292,-88.9713
4.3375,32.7787,88.7543,-88.7778
5.7988,32.9336,88.5015,-88.3759
5.9158,33.0339,88.5298,-88.3502
6.1586,33.0643,88.4801,-88.3255
6.6434,33.3098,88.4774,-88.1090
-8.2077,33.2894,87.9198,-92.2940
-8.4482,33.4168,87.9028,-92.3149
-8.4481,33.9585,88.2102,-92.4423
-8.4481,33.4175,87.9015,-92.3843
-0.6728,33.5048,89.5745,-90.1906
-1.1636,33.5140,89.5593,-90.3418
-1.2908,33.3300,89.4576,-90.3392
-1.1636,33.1420,89.3631,-90.3786
-1.4089,32.9647,89.2514,-90.3262
-1.5270,33.0577,89.2928,-90.4460
-1.5270,33.2410,89.3946,-90.4515
-1.7723,33.4342,89.4807,-90.4552
-2.0175,33.5417,89.5134,-90.6082
-2.6347,33.4744,89.4144,-90.7730
-2.8796,33.2143,89.2445,-90.8364
-2.8796,32.8494,89.0388,-90.8255
-2.8796,32.8494,89.0388,-90.8224
-2.8796,33.1175,89.1942,-90.8480
-2.5077,33.4677,89.4255,-90.7436
-2.0175,33.5417,89.5134,-90.6026
-1.5270,33.1529,89.3453,-90.4482
-1.5270,32.7877,89.1397,-90.4383
-1.8995,32.6204,89.0122,-90.5358
-2.2627,32.6347,88.9889,-90.5381
-2.3897,32.5493,88.9210,-90.6769
-3.1244,32.5915,88.8523,-90.8754
-3.2423,32.6918,88.8958,-90.8896
-3.6048,32.7166,88.8555,-90.9203
-4.2200,33.0353,88.9276,-91.2058
-4.0934,33.2056,89.0496,-91.2350
-3.7314,33.1773,89.0964,-91.0823
-3.1244,32.8646,89.0139,-90.8960
-3.6046,33.1677,89.1122,-91.0405
-3.9759,33.1953,89.0668,-91.0426
-4.0934,33.3016,89.1009,-91.1916
-4.2200,33.2171,89.0310,-91.1764
-4.3375,33.2277,89.0136,-91.2266
-4.2200,33.1293,88.9816,-91.2468
-4.4641,33.0565,88.8928,-91.1961
-3.9758,32.8338,88.8567,-91.1318
-3.2423,32.6922,88.8953,-90.9216
-3.1245,32.5912,88.8529,-90.9071
-2.3897,32.5493,88.9210,-90.6776
-2.2627,32.6357,88.9872,-90.6803
-1.8995,32.6204,89.0122,-90.5402
-1.7723,32.7019,89.0719,-90.5433
-1.1636,32.7775,89.1562,-90.3367
-0.8000,33.0403,89.3214,-90.2347
-0.6728,33.2216,89.4266,-90.2365
10.7108,33.7045,87.0336,-87.0373
10.9477,33.8502,86.9997,-87.0251
10.9476,33.9356,87.0500,-86.9319
10.8249,33.8218,87.0464,-86.9873
10.5880,33.8515,87.1883,-86.9674
10.7108,34.0580,87.2457,-86.9884
10.5879,34.2080,87.3963,-86.9248
10.5878,34.7545,87.6916,-86.9086
10.5878,34.7545,87.6916,-86.9117
10.5878,34.2090,87.3950,-86.9983
10.7108,34.1503,87.2998,-87.0290
10.4736,33.9185,87.2843,-87.0751
10.9476,33.2472,86.6134,-87.0784
11.1842,33.4746,86.6356,-87.0161
11.1840,33.6416,86.7415,-86.9155
11.2977,33.7599,86.7524,-86.9304
11.2977,34.3754,87.1192,-86.8013
11.1840,34.4408,87.2178,-86.7669
11.1840,34.9807,87.5073,-86.7290
10.8248,35.3659,87.8800,-86.7528
10.8248,35.3659,87.8800,-86.7607
11.1840,34.8922,87.4614,-86.7525
11.1840,34.4411,87.2173,-86.8221
11.2977,34.3751,87.1197,-86.8574
11.2977,33.7602,86.7519,-86.9120
10.9476,33.3296,86.6681,-87.0632
-7.9671,32.8955,87.7694,-92.1853
-7.7262,33.2081,88.0528,-92.1674
-7.7262,33.5668,88.2626,-92.1984
-7.9671,33.8757,88.3473,-92.3102
-7.9671,34.0585,88.4471,-92.3506
-8.2077,34.3741,88.5212,-92.4335
-8.2077,34.5602,88.6160,-92.4740
-8.6881,35.4053,88.8286,-92.6894
-8.6881,35.8952,89.0352,-92.7247
-9.0431,36.2511,89.0409,-92.8965
-8.9278,36.3253,89.1141,-92.9079
-8.6882,36.1866,89.1519,-92.8283
-8.8125,36.3046,89.1498,-92.7830
-8.8124,36.8096,89.3329,-92.8635
-8.9278,36.9274,89.3313,-92.9064
-8.9278,38.9066,89.8970,-93.1680
-8.8125,38.9980,89.9589,-93.1763
-8.8124,39.3188,90.0287,-93.1483
-8.6881,39.4023,90.0890,-93.1870
-8.5726,40.1579,90.2690,-93.1713
-8.2077,40.5473,90.4470,-93.0883
-8.0919,40.8625,90.5301,-93.1446
-7.6101,41.3602,90.7287,-92.9526
-7.4850,41.6930,90.7980,-92.8880
-7.0019,42.2077,90.9686,-92.8002
-6.8855,42.0802,90.9883,-92.7469
-6.8854,41.8464,90.9692,-92.6695
-7.2436,41.5407,90.8474,-92.7966
-7.6101,40.9031,90.6731,-92.8750
-7.6101,40.4590,90.6107,-92.8671
-7.8512,40.1535,90.4926,-92.9017
-7.8512,39.8229,90.4380,-92.8445
-7.4850,39.3304,90.4490,-92.7176
-7.4850,39.2167,90.4262,-92.6864
-7.2437,39.0773,90.4666,-92.6882
-7.1273,38.8444,90.4472,-92.5477
-6.4011,38.1044,90.4629,-92.2523
-6.2843,37.7736,90.4084,-92.1838
-6.4011,37.6794,90.3511,-92.1542
-6.4011,37.4687,90.2924,-92.1820
-6.6435,37.2897,90.1779,-92.1516
-7.0019,37.3389,90.0916,-92.3697
-7.1273,37.2558,90.0314,-92.3537
-7.3689,37.3899,90.0020,-92.4357
-7.2436,37.2723,90.0026,-92.4912
-7.6101,37.0204,89.8122,-92.5293
-7.7262,36.7260,89.6810,-92.4679
-7.7262,36.8332,89.7144,-92.5839
-7.2436,37.2726,90.0021,-92.4569
-7.0020,37.3381,90.0929,-92.4684
-6.5267,37.2760,90.2022,-92.2234
-6.4011,37.3681,90.2627,-92.2367
-6.4011,37.6797,90.3506,-92.2034
-6.2843,37.7747,90.4064,-92.2305
-6.4011,38.2153,90.4907,-92.2531
-7.1273,38.9491,90.4701,-92.5434
-7.1273,39.0619,90.4945,-92.5816
-7.2436,39.0778,90.4656,-92.5597
-7.4850,39.3304,90.4490,-92.7251
-7.4850,39.4360,90.4701,-92.7295
-7.8512,39.9310,90.4547,-92.8850
-7.8512,40.1529,90.4936,-92.9404
-7.6101,40.4590,90.6107,-92.8641
-7.6101,40.9031,90.6731,-92.8785
-7.3690,41.0966,90.7664,-92.9479
-7.2436,41.4296,90.8357,-92.7874
-6.8854,41.8470,90.9682,-92.7211
-6.8854,42.0798,90.9888,-92.7381
-7.1274,42.2231,90.9394,-92.7296
-7.1273,42.1109,90.9294,-92.8081
-7.4850,41.8046,90.8087,-92.9060
-7.6102,41.4779,90.7442,-92.8581
-8.0919,40.9732,90.5422,-93.0523
-8.5726,40.1579,90.2690,-93.1403
-8.5726,39.8205,90.2115,-93.0890
-8.6881,39.7346,90.1550,-93.1102
-8.6881,39.4027,90.0885,-93.1320
-8.8125,39.3185,90.0292,-93.0933
-8.8124,38.9983,89.9583,-93.1292
-8.9278,38.9063,89.8975,-93.0901
-8.9278,36.9276,89.3309,-92.9170
-8.8125,36.8094,89.3334,-92.9082
-8.8124,36.4081,89.1882,-92.8468
-9.0433,36.2498,89.0429,-92.7736
-9.2824,36.2957,88.9643,-92.9673
-8.9282,36.1263,89.0396,-92.9346
-8.6881,35.8952,89.0352,-92.7322
-8.6881,35.4053,88.8286,-92.6931
-8.4481,35.0788,88.7726,-92.5692
-8.4481,34.8879,88.6850,-92.5263
-8.0919,34.2649,88.5081,-92.3775
-8.0919,34.0794,88.4124,-92.3365
-7.7262,33.5668,88.2626,-92.1984
-7.7262,33.2923,88.1064,-92.1385
-7.9671,33.0711,87.8794,-92.2069
-9.1672,32.9419,87.2993,-92.4740
-9.2824,33.1373,87.3754,-92.5338
-9.2824,33.6671,87.6981,-92.6135
-9.4063,33.8700,87.7628,-92.6623
-9.8835,34.1489,87.7019,-92.8236
-10.2364,34.2230,87.5792,-92.8171
-10.3592,34.3384,87.5805,-92.9707
-11.0614,34.5928,87.3656,-93.1711
-11.1840,34.7091,87.3650,-93.2041
-11.0615,34.7746,87.4640,-93.2659
-10.4736,34.6406,87.6878,-93.0484
-10.3593,34.5202,87.6799,-93.0146
-9.8835,34.4185,87.8490,-92.8695
-9.7599,34.3046,87.8448,-92.8405
-9.1672,34.0919,87.9894,-92.6451
-9.1672,34.3684,88.1410,-92.7217
-9.0432,34.4348,88.2250,-92.6996
-9.1672,34.6437,88.2811,-92.6971
-8.9278,34.8770,88.4920,-92.6845
-8.9278,35.1632,88.6298,-92.7599
-8.8125,35.2353,88.7055,-92.7371
-9.0431,34.8985,88.4559,-92.7101
-9.6450,35.1133,88.3058,-92.8961
-10.2360,35.5165,88.2297,-93.1074
-9.0431,34.8079,88.4120,-92.7117
-9.0431,34.7106,88.3644,-92.6736
-9.2825,34.6659,88.2439,-92.6617
-10.4736,35.3782,88.0553,-93.1442
-9.4063,34.6909,88.2021,-92.7899
-9.1674,34.6439,88.2808,-92.7874
-9.0432,34.5241,88.2709,-92.6768
-9.1672,34.1865,88.0409,-92.6510
-9.4064,34.1379,87.9130,-92.6203
-9.8835,34.4185,87.8490,-92.8628
-11.0614,34.7750,87.4635,-93.1960
-11.1840,34.8919,87.4619,-93.2342
-11.2977,34.7358,87.3203,-93.1875
-11.1840,34.6216,87.3176,-93.2391
-10.8253,34.5362,87.4599,-93.2183
-10.3592,34.2513,87.5322,-92.9591
-9.8835,34.1489,87.7019,-92.8303
-9.6452,33.9180,87.6838,-92.7749
-9.5213,33.8938,87.7236,-92.7323
-9.2825,33.6659,87.7002,-92.6472
-9.2824,33.1382,87.3742,-92.5349
-6.2843,32.1207,87.8409,-91.6814
-6.4011,32.4818,88.0456,-91.7474
-6.5268,32.5891,88.0766,-91.7666
-6.5267,32.7578,88.1839,-91.8315
-6.6434,32.8660,88.2138,-91.8233
-6.6434,33.1284,88.3747,-91.9106
-6.8854,33.4379,88.4747,-91.9776
-6.8854,33.8031,88.6763,-92.0008
-6.7689,33.8750,88.7514,-92.0300
-6.7689,34.9092,89.2563,-92.0861
-6.6434,34.9917,89.3305,-92.1042
-6.6434,35.5777,89.5774,-92.0958
-6.5268,35.6571,89.6423,-92.1293
-6.5267,35.9522,89.7559,-92.0999
-6.4011,36.0395,89.8232,-92.1270
-6.4011,36.6480,90.0367,-92.1129
-6.2843,36.7318,90.0952,-92.1464
-6.2843,36.7321,90.0947,-92.0829
-6.4011,36.6477,90.0371,-92.0768
-6.4011,36.0399,89.8226,-92.0838
-6.5268,35.9518,89.7564,-92.0498
-6.5267,35.6574,89.6419,-92.0826
-6.6434,35.5774,89.5779,-92.0577
-6.6434,34.9920,89.3299,-92.0635
-6.7689,34.9088,89.2569,-92.0298
-6.7689,33.8754,88.7510,-91.9804
-6.8855,33.8028,88.6767,-91.9629
-6.8854,33.4379,88.4747,-91.9765
-6.7689,33.3272,88.4490,-91.9506
-6.6434,32.7747,88.1565,-91.8444
-6.5268,32.6735,88.1302,-91.8220
-6.5267,32.4983,88.0187,-91.7584
-0.4273,31.7041,88.5102,-90.1120
-0.8000,31.8821,88.6185,-90.2163
-1.0454,31.8025,88.5565,-90.2161
-1.1636,31.8893,88.6069,-90.2955
-1.2908,31.7188,88.4864,-90.3132
-1.6543,31.7296,88.4693,-90.3528
-1.7723,31.6524,88.4036,-90.4787
-2.0176,31.6616,88.3889,-90.4753
-2.5077,31.5148,88.2312,-90.6640
-2.9975,31.5434,88.1855,-90.7937
-3.4869,31.4080,88.0106,-90.9135
-4.4641,31.4908,87.8785,-91.1664
-4.7080,31.5950,87.9002,-91.1822
-4.9517,31.7904,87.9790,-91.3225
-4.9517,31.8786,88.0408,-91.3311
-5.4296,32.1863,88.1285,-91.4699
-5.6728,32.5638,88.3084,-91.5723
-5.7988,33.1131,88.6074,-91.6461
-6.1585,33.6092,88.7877,-91.8000
-6.4011,34.3862,89.1184,-91.9278
-6.2843,34.1817,89.0524,-91.8924
-6.2843,33.9043,88.9123,-91.8197
-6.0417,33.5062,88.7638,-91.7435
-6.0417,33.3232,88.6630,-91.7147
-5.7988,33.0198,88.5528,-91.6341
-5.6728,32.4793,88.2547,-91.5626
-5.4296,32.1032,88.0728,-91.4606
-5.3125,32.0897,88.0946,-91.4663
-4.8253,31.6077,87.8799,-91.2719
-4.5816,31.5014,87.8616,-91.2583
-3.4869,31.4080,88.0106,-90.9200
-2.9975,31.5434,88.1855,-90.7980
-2.5077,31.5148,88.2312,-90.6682
-2.3897,31.5905,88.2991,-90.6731
-2.1447,31.5784,88.3184,-90.6338
-1.6542,31.7310,88.4670,-90.4486
-1.2909,31.7183,88.4873,-90.4463
-0.9182,31.8842,88.6151,-90.2520
-5.5557,31.2752,87.4433,-91.4253
-5.9158,31.8205,87.7422,-91.5679
-6.0417,32.1778,87.9526,-91.6273
-5.9158,31.7330,87.6796,-91.5556
7.7262,32.0858,87.3168,-87.9622
7.7262,32.2542,87.4370,-87.9261
7.3691,32.1956,87.5315,-87.9467
7.1273,31.9900,87.4705,-88.1278
5.7988,31.8058,87.7657,-88.4623
5.6728,31.7025,87.7284,-88.4854
5.5557,31.7760,87.8134,-88.4939
5.3126,31.7475,87.8591,-88.5345
4.8253,31.8657,88.0615,-88.7072
4.3375,31.8183,88.1377,-88.8368
4.2200,31.8899,88.2119,-88.8266
3.9758,31.8684,88.2465,-88.8687
3.4869,32.0033,88.4235,-89.0490
3.3601,31.9104,88.3831,-89.0612
2.9975,32.0601,88.5367,-89.1779
2.9975,32.0601,88.5367,-89.1802
3.2423,31.9851,88.4527,-89.1895
3.3601,31.8212,88.3222,-89.0907
3.4869,32.0024,88.4248,-89.0762
3.6047,31.9283,88.3542,-89.0584
3.8491,31.9473,88.3238,-89.0206
4.3375,31.8183,88.1377,-88.8413
4.8253,31.8657,88.0615,-88.7119
4.9427,31.7891,87.9810,-88.7246
5.1863,31.8151,87.9394,-88.6820
5.6728,31.7028,87.7279,-88.5113
5.7988,31.8055,87.7662,-88.4926
7.1273,31.9900,87.4705,-88.1299
7.6101,32.2358,87.4668,-87.9812
7.7262,32.1666,87.3749,-88.0038
7.4850,31.9591,87.3177,-88.0484
6.4011,31.3843,87.2700,-88.3602
6.1586,31.4299,87.3841,-88.3436
4.3375,31.2253,87.7095,-88.8736
4.2200,31.3004,87.7919,-88.8676
3.7314,31.2592,87.8574,-89.0288
3.6047,31.3294,87.9333,-89.0199
3.3601,31.3110,87.9627,-89.0626
2.8706,31.4476,88.1356,-89.2398
2.6257,31.6019,88.2806,-89.2249
2.6257,31.7748,88.3967,-89.2920
2.5077,31.8576,88.4679,-89.2840
2.6257,32.2134,88.6851,-89.2713
2.5077,32.1156,88.6375,-89.2824
2.5077,31.8563,88.4696,-89.3358
2.6257,31.7745,88.3972,-89.3261
2.6257,31.5196,88.2232,-89.3104
3.2423,31.3033,87.9749,-89.1555
4.2200,31.3007,87.7913,-88.9084
4.3375,31.2249,87.7100,-88.9173
6.1585,31.4308,87.3828,-88.4236
6.4012,31.3834,87.2712,-88.4353
7.0019,31.7164,87.3162,-88.1869
7.2437,31.7530,87.2578,-88.1878
7.6101,32.0666,87.3476,-87.9924
-5.1862,30.9898,87.3218,-91.3132
-5.0690,30.8923,87.2755,-91.2936
-5.0690,30.9766,87.3426,-91.2853
-5.1863,31.0680,87.3843,-91.2924
-5.3124,31.4123,87.6137,-91.3758
-5.0691,31.5510,87.7822,-91.4088
-4.7080,31.3474,87.7171,-91.2126
-4.7080,31.3474,87.7171,-91.2221
-4.5815,31.2483,87.6730,-91.2074
-3.8491,31.1027,87.7170,-90.9919
-3.7314,31.0134,87.6716,-90.9787
-3.6047,31.0828,87.7485,-90.9624
-3.4869,30.9945,87.7016,-90.9129
-2.5077,30.9319,87.8006,-90.6458
-2.3897,31.0049,87.8719,-90.6492
-1.8995,30.9828,87.9070,-90.4910
-1.7723,31.0574,87.9760,-90.4946
-0.8000,31.1176,88.0824,-90.2121
-0.3091,31.3612,88.2734,-90.0838
-0.3091,31.5307,88.3946,-90.0833
-0.0636,31.6185,88.4579,-90.0835
-0.0636,31.7918,88.5736,-90.0184
0.0636,31.8751,88.6298,-90.0173
0.0636,31.8754,88.6293,-89.9780
-0.0636,31.7013,88.5145,-89.9836
-0.6728,31.1963,88.1452,-90.1738
-1.1636,31.1252,88.0704,-90.3012
-1.2908,31.0416,88.0010,-90.2997
-2.3897,31.0052,87.8714,-90.6114
-2.5077,30.9315,87.8011,-90.6090
-3.4869,30.9948,87.7011,-90.8887
-3.6046,31.0829,87.7484,-90.9020
-3.7314,31.0133,87.6716,-90.9193
-3.8491,31.1024,87.7175,-90.9686
-4.5815,31.2486,87.6725,-91.1794
-5.0690,31.5524,87.7801,-91.3258
-5.3125,31.4109,87.6158,-91.2965
-5.1862,31.2325,87.5111,-91.3266
-5.6728,29.3528,85.6844,-91.2582
-5.7988,29.6628,85.9594,-91.3191
-6.0417,29.9220,86.1322,-91.4021
-6.0417,30.0728,86.2769,-91.4336
-6.0417,30.0736,86.2759,-91.4136
-6.0417,29.9212,86.1332,-91.3808
-5.7988,29.6628,85.9594,-91.3168
-5.9158,29.6064,85.8649,-91.3030
-6.1586,29.7098,85.8868,-91.3559
-6.7689,30.5588,86.4634,-91.6334
-6.8854,30.8912,86.7070,-91.6916
-6.7689,30.5588,86.4634,-91.6296
-6.6434,30.4593,86.4213,-91.6092
-6.6434,30.3044,86.2821,-91.5488
-6.4011,29.9715,86.0553,-91.4788
-6.1586,29.7865,85.9640,-91.4465
-6.0417,29.4766,85.6887,-91.3510
-5.9158,29.3839,85.6366,-91.3327
-5.7988,29.5141,85.8118,-91.3469
-5.4296,28.1465,84.3669,-91.0810
-5.4296,28.3466,84.6245,-91.1286
-5.6729,28.5128,84.7432,-91.1316
-5.6728,28.6500,84.9055,-91.2035
-6.1585,29.1297,85.2775,-91.3381
-6.2843,29.5100,85.6373,-91.4013
-6.6434,30.0066,86.0009,-91.5384
-6.8855,30.1929,86.0902,-91.5713
-6.8854,30.4212,86.2973,-91.6333
-7.2436,30.8645,86.5502,-91.7731
-6.8854,30.3414,86.2246,-91.6251
-6.8854,30.1935,86.0891,-91.5893
-7.0019,30.1332,85.9865,-91.5895
-6.8855,30.1155,86.0142,-91.6312
-6.6435,29.9274,85.9276,-91.5595
-6.5267,29.6914,85.7337,-91.4744
-6.2844,29.5087,85.6393,-91.4387
-6.1585,29.0615,85.2021,-91.3277
-5.9159,28.8866,85.0963,-91.2916
-5.6728,28.5142,84.7412,-91.1678
-5.4297,28.3471,84.6242,-91.1375
6.0417,29.3313,85.5368,-88.6649
6.1585,29.3471,85.5125,-88.6679
7.0019,30.0609,85.9165,-88.3842
7.0019,30.2114,86.0613,-88.3426
7.4850,30.9036,86.4887,-88.1694
7.8512,31.2066,86.5934,-88.0473
8.2077,31.7499,86.8745,-87.9000
8.2077,31.9143,86.9998,-87.8554
8.4482,32.1238,87.0535,-87.8404
8.4481,32.2923,87.1728,-87.7429
8.8035,32.8716,87.4134,-87.6099
8.8035,33.3970,87.7435,-87.5552
8.9278,33.5057,87.7568,-87.5185
8.9278,35.2568,88.6694,-87.2624
8.8036,35.3331,88.7530,-87.2432
8.8035,35.8142,88.9585,-87.2504
8.6881,35.8948,89.0357,-87.2065
8.5637,36.6616,89.3714,-87.2039
8.4481,36.7463,89.4429,-87.1824
8.4481,37.1538,89.5790,-87.2005
8.3235,37.2316,89.6474,-87.1615
8.4481,37.4581,89.6762,-87.1865
8.3235,37.5376,89.7419,-87.1243
8.3235,37.7455,89.8037,-87.1527
8.5638,37.8937,89.7644,-87.1491
8.6881,37.8068,89.6954,-87.0877
9.0431,37.8692,89.5851,-86.9347
9.5213,37.7496,89.3686,-86.8067
9.9981,37.3340,89.0444,-86.7187
10.1128,37.0559,88.9044,-86.7965
10.1127,37.2595,88.9712,-86.6950
9.6450,37.7732,89.3270,-86.7431
9.1672,37.7914,89.5164,-86.8901
9.0432,37.8689,89.5856,-86.8718
8.6881,37.8071,89.6948,-87.0398
8.4482,37.9746,89.8276,-86.9891
8.0919,39.2021,90.2404,-87.0770
7.8512,39.4894,90.3728,-87.1406
7.8512,39.7090,90.4158,-87.1043
7.4850,40.3249,90.6256,-87.1852
6.7599,41.0188,90.9126,-87.4164
6.7599,41.1375,90.9270,-87.3833
6.2843,41.5429,91.0826,-87.5248
6.2843,42.0092,91.1238,-87.5259
6.1585,42.1078,91.1599,-87.4900
6.1585,43.1716,91.2178,-87.5119
7.0019,44.9700,91.0365,-87.0515
7.0019,45.2165,91.0307,-86.9718
6.1585,45.1225,91.2204,-87.3810
6.8854,45.2032,91.0575,-87.0394
7.0019,45.0885,91.0340,-87.0862
6.1585,43.2960,91.2219,-87.4530
6.1585,42.1081,91.1594,-87.5668
6.2843,42.0089,91.1243,-87.5718
6.2843,41.5429,91.0826,-87.5384
6.4011,41.3241,91.0348,-87.5884
7.4850,40.2169,90.6085,-87.2004
8.2077,38.8991,90.1373,-87.0796
8.2077,38.5715,90.0629,-87.1625
8.3235,38.4883,90.0025,-87.1345
8.3235,38.1662,89.9191,-87.1152
8.4481,38.0847,89.8560,-87.1512
8.4481,37.8744,89.7983,-87.1279
8.3235,37.7458,89.8032,-87.1334
8.3235,37.2319,89.6469,-87.2040
8.4481,37.1535,89.5795,-87.2507
8.4481,36.7466,89.4424,-87.2263
8.5637,36.6613,89.3719,-87.2657
8.5637,36.2612,89.2246,-87.2465
8.6881,36.1869,89.1511,-87.2844
8.6881,35.8952,89.0352,-87.2558
8.8036,35.8139,88.9590,-87.2922
8.8035,35.3334,88.7524,-87.2855
8.9278,35.2564,88.6699,-87.3283
8.9278,33.5060,87.7563,-87.5031
8.8036,33.3967,87.7440,-87.5189
8.8035,32.8716,87.4134,-87.6150
8.6881,32.7665,87.3944,-87.6353
8.6881,32.5945,87.2798,-87.7082
8.4481,32.2119,87.1141,-87.7879
8.2079,32.0000,87.0645,-87.8301
8.2077,31.8346,86.9402,-87.9218
7.8512,31.2839,86.6564,-88.0465
7.4850,30.9857,86.5582,-88.1695
7.0019,30.2855,86.1287,-88.3579
7.0019,30.1328,85.9870,-88.3949
-2.8796,28.2446,85.1494,-90.5888
-2.8796,28.3811,85.3136,-90.6134
-3.1244,28.6048,85.5256,-90.6713
-3.1244,28.7453,85.6847,-90.6857
-3.2423,28.7543,85.6712,-90.6755
-3.1245,28.6722,85.6025,-90.6948
-3.1244,28.5366,85.4497,-90.6530
-1.0454,27.1867,83.9843,-90.1964
-1.5270,27.4530,84.3188,-90.2933
-1.5270,27.5759,84.4880,-90.3021
-1.7723,27.7145,84.6480,-90.3060
-1.8995,27.7211,84.6383,-90.3533
-1.5270,27.5146,84.4032,-90.2914
-1.4089,27.3202,84.1505,-90.2831
-1.1636,27.1882,83.9819,-90.2582
6.7599,27.6363,83.1257,-88.7658
6.8855,27.6560,83.0962,-88.7611
7.3688,27.9838,83.3347,-88.6078
7.4851,28.1894,83.5673,-88.5506
7.9671,28.4730,83.6969,-88.4318
8.0919,28.8935,84.1651,-88.3505
8.4481,29.1624,84.3038,-88.2389
8.8035,29.6506,84.6716,-88.0991
9.2824,30.1051,84.8987,-87.9333
9.6450,30.7035,85.2935,-87.7700
9.8836,30.9003,85.3501,-87.7205
10.1127,31.2600,85.5449,-87.5852
10.1127,31.4149,85.6816,-87.5261
9.7599,30.8012,85.3228,-87.7281
9.5215,30.5976,85.2629,-87.7812
8.9278,29.7440,84.7076,-88.0614
8.6882,29.5530,84.6282,-88.1085
8.4481,29.2337,84.3872,-88.2304
8.0919,28.9587,84.2440,-88.3393
7.9671,28.5359,83.7790,-88.4228
7.6101,28.2796,83.6219,-88.5281
7.4851,28.2576,83.6550,-88.5236
7.4850,28.1291,83.4818,-88.5935
0.7909,27.0578,83.8113,-89.8514
1.0364,27.1850,83.9867,-89.8500
1.5270,27.2009,83.9632,-89.7150
1.5270,27.2009,83.9632,-89.7147
1.0363,27.1865,83.9846,-89.8060
0.7909,27.1162,83.9000,-89.8093
0.9182,26.2999,82.5834,-89.8455
0.9182,26.6387,83.1541,-89.8402
0.4273,26.7488,83.3537,-89.9240
0.3091,27.1110,83.9076,-89.9442
0.1818,27.1742,84.0028,-89.9417
-0.0636,27.1736,84.0038,-89.9675
-0.4273,27.3625,84.2639,-90.0858
-0.9182,27.4360,84.3441,-90.1763
-1.1636,27.6329,84.5934,-90.2315
-1.1636,27.7630,84.7660,-90.2350
-1.8995,27.9863,84.9771,-90.3851
-1.8995,28.1205,85.1445,-90.3968
-2.1446,28.4073,85.4531,-90.4564
-2.5077,28.6339,85.6610,-90.5455
-2.5077,28.7072,85.7430,-90.5469
-3.2423,29.1119,86.0543,-90.7228
-3.2423,29.2580,86.2062,-90.7427
-3.4869,29.5753,86.4728,-90.8104
-4.0934,30.0044,86.7499,-90.9726
-4.8253,31.1143,87.5118,-91.2304
-4.9517,31.1274,87.4910,-91.2312
-4.0934,29.9302,86.6819,-90.9696
-3.6046,29.6628,86.5339,-90.8399
-3.2423,29.1879,86.1328,-90.7240
-3.2423,29.0410,85.9819,-90.7102
-2.9976,28.9489,85.9286,-90.7114
-2.5077,28.6339,85.6610,-90.5404
-2.5077,28.5658,85.5849,-90.5329
-2.1446,28.3405,85.3753,-90.4453
-1.8995,27.9863,84.9771,-90.3834
-1.4089,27.7710,84.7543,-90.2810
-1.2908,27.7672,84.7599,-90.2806
-1.1636,27.6953,84.6769,-90.2517
-1.1636,27.5648,84.5047,-90.2220
-0.8000,27.3677,84.2562,-90.1487
-0.5546,27.3632,84.2628,-90.1531
-0.1818,27.1746,84.0023,-90.0301
0.0636,27.1736,84.0038,-90.0342
0.3091,27.0517,83.8203,-89.9406
0.4273,26.7488,83.3537,-89.9230
0.9182,26.5827,83.0626,-89.8413
-4.4641,26.3554,81.9570,-90.7182
-4.9517,26.5762,82.1781,-90.8213
-5.0690,26.5898,82.1581,-90.8175
-6.0417,27.1695,82.7314,-91.0605
-5.7989,27.2529,82.9697,-91.0971
-5.9158,27.2703,82.9442,-91.0304
-6.0417,27.1684,82.7328,-91.0223
-5.9158,27.0342,82.5701,-91.0297
-5.1862,26.6041,82.1371,-90.8527
2.7527,26.2108,82.1687,-89.5565
2.9976,26.2265,82.1457,-89.5549
3.9758,26.5282,82.4218,-89.3366
3.4869,26.4317,82.3902,-89.4256
0.7909,25.9697,81.9902,-89.8743
1.0364,26.0256,82.0809,-89.8729
1.2817,26.5362,82.9571,-89.7785
1.5271,26.5990,83.0386,-89.7765
1.5270,26.7736,83.3172,-89.7300
1.1636,26.8817,83.5201,-89.7945
3.1154,27.4710,84.1020,-89.4078
3.6046,27.5086,84.0460,-89.3140
3.7314,27.5846,84.1221,-89.3033
3.9758,27.6059,84.0904,-89.2838
4.5815,28.0499,84.5124,-89.0860
4.6989,28.0621,84.4940,-89.0861
5.1862,28.3192,84.6664,-88.9390
5.1862,28.4536,84.8328,-88.9156
5.5557,28.7024,85.0050,-88.8285
5.6728,28.7171,84.9826,-88.8342
6.1585,29.1297,85.2775,-88.6615
6.6434,29.3422,85.3257,-88.5466
6.8854,29.7451,85.6508,-88.4464
6.6434,29.4168,85.4054,-88.5377
6.4012,29.2364,85.3078,-88.5720
6.0417,29.1137,85.3020,-88.6975
6.0417,29.0453,85.2268,-88.7079
5.1862,28.5201,84.9107,-88.9230
5.1862,28.3833,84.7474,-88.9536
4.3375,27.9617,84.4677,-89.1389
4.3375,27.8304,84.2971,-89.1644
4.2200,27.7524,84.2240,-89.1630
4.0934,27.7406,84.2417,-89.1810
3.8491,27.5938,84.1083,-89.2279
2.7527,27.3859,84.0529,-89.4781
2.5078,27.2446,83.8980,-89.4942
2.2627,27.2321,83.9169,-89.5339
1.8995,27.0919,83.7606,-89.6538
1.6543,27.0813,83.7764,-89.6501
1.4089,26.9515,83.6051,-89.7466
1.0364,26.8766,83.5275,-89.7484
1.1636,26.8236,83.4312,-89.8200
1.4089,26.8305,83.4209,-89.7907
1.5270,26.7732,83.3177,-89.7502
1.5270,26.6551,83.1298,-89.7370
1.2817,26.5348,82.9591,-89.7418
1.0363,26.0824,82.1837,-89.8344
-0.1818,25.6995,81.4842,-90.0272
0.0636,25.6984,81.4857,-90.0275
0.3091,25.8019,81.6918,-89.9886
0.3091,25.9075,81.8951,-89.9492
0.5546,26.0159,82.0948,-89.9499
0.3091,25.9625,82.0005,-89.9115
0.3091,25.8568,81.7970,-89.9546
-0.0636,25.6991,81.4847,-90.0118
-0.1818,25.7524,81.5921,-90.0097
-0.0636,25.8555,81.7988,-90.0295
-0.0636,26.1792,82.4009,-90.0104
-0.0636,26.2322,82.4961,-90.0106
-0.1818,26.2326,82.4956,-90.0105
-0.0636,26.1789,82.4013,-90.0304
-0.0636,25.8565,81.7975,-90.0099
-0.1818,25.8023,81.6913,-90.0097
-3.7314,25.7141,80.9361,-90.5455
-4.3375,25.8239,80.9611,-90.6401
-4.5816,25.9454,81.1268,-90.6630
-5.0690,26.0556,81.1511,-90.7702
-5.5557,26.2706,81.3657,-90.8650
-5.1862,26.0699,81.1303,-90.7834
-4.9518,26.0410,81.1723,-90.7862
-4.0934,25.7477,80.8874,-90.5988
3.4869,25.4027,80.3236,-89.5191
3.7315,25.4719,80.4071,-89.5086
4.3375,25.5312,80.3215,-89.3959
4.4550,25.5890,80.4081,-89.3844
5.1862,25.7234,80.3972,-89.2652
5.4297,25.8501,80.5679,-89.2370
5.6729,25.8831,80.5200,-89.2168
7.1273,26.4037,80.8147,-88.9199
7.4850,26.6239,81.0336,-88.8346
7.0019,26.3825,80.8456,-88.9400
4.8253,25.6304,80.3483,-89.3221
4.4552,25.5878,80.4100,-89.3207
4.3375,25.5308,80.3220,-89.3873
3.7314,25.4728,80.4058,-89.4793
-0.3091,24.7676,79.3055,-90.0379
-0.4273,24.8124,79.4233,-90.0391
-0.4273,24.9398,79.7612,-90.0573
-0.6728,24.9443,79.7552,-90.0550
-1.0454,24.8652,79.5169,-90.1332
-1.5270,24.9675,79.7219,-90.1985
-1.6542,24.9296,79.6068,-90.1926
-1.8995,24.9819,79.7012,-90.2159
-2.3897,25.0080,79.6638,-90.3095
-2.5077,25.0572,79.7625,-90.3140
-2.9975,25.1363,79.8316,-90.3957
-3.2423,25.2438,80.0293,-90.4104
-3.6048,25.2735,79.9868,-90.4349
-4.0934,25.4125,80.1394,-90.5611
-4.3376,25.5296,80.3236,-90.5815
-4.7080,25.6171,80.3676,-90.6630
-4.9518,25.7402,80.5434,-90.6869
-5.0690,25.7556,80.5212,-90.7091
-6.7689,26.7168,81.6126,-91.0929
-7.0019,26.9758,81.9491,-91.1684
-7.6101,27.4199,82.3598,-91.3314
-8.0919,27.9892,82.9618,-91.4985
-8.0919,28.1127,83.1411,-91.5447
-8.4481,28.4971,83.4702,-91.6434
-8.5726,28.9158,83.9396,-91.7318
-8.6881,29.0080,83.9908,-91.7597
-8.8124,29.4390,84.4308,-91.8615
-8.9278,29.5345,84.4773,-91.8907
-8.9278,29.8872,84.8608,-91.9559
-9.0431,29.9853,84.9036,-91.9874
-9.0431,31.9072,86.6233,-92.3095
-8.9278,31.9694,86.7247,-92.3326
-8.9278,32.5525,87.1447,-92.3731
-8.4481,32.6334,87.4061,-92.2737
-8.2079,32.7615,87.5918,-92.3240
-8.3324,32.9590,87.6660,-92.2885
-8.4481,32.9796,87.6325,-92.2825
-8.9278,33.4205,87.7050,-92.5032
-8.9278,33.4205,87.7050,-92.4892
-8.6881,33.1079,87.6139,-92.3870
-8.2077,32.8530,87.6482,-92.2436
-8.6881,32.5952,87.2788,-92.3183
-9.0434,32.6618,87.1712,-92.3151
-8.9278,32.5525,87.1447,-92.3671
-9.4063,32.3977,86.8153,-92.4534
-9.7602,32.4702,86.6986,-92.4485
-9.8835,32.4116,86.5910,-92.5671
-10.2364,32.4879,86.4682,-92.5523
-10.3592,32.4374,86.3625,-92.6714
-10.9476,32.5754,86.1404,-92.8074
-11.0615,32.6824,86.1550,-92.8375
-10.9476,32.7408,86.2622,-92.8912
-10.5966,32.6581,86.3958,-92.7548
-10.2360,32.7434,86.6479,-92.6937
-9.9983,32.6902,86.7338,-92.6976
-9.5213,32.8414,87.0692,-92.5521
-9.6451,32.8669,87.0279,-92.5452
-10.1215,32.7179,86.6890,-92.6592
-10.3594,32.7705,86.6041,-92.6563
-10.7108,32.6848,86.3527,-92.7791
-10.9477,32.7405,86.2627,-92.7742
-11.0615,32.6823,86.1550,-92.8119
-10.9476,32.4893,86.0779,-92.7974
-10.8249,32.5455,86.1884,-92.8316
-10.3592,32.4374,86.3625,-92.6687
-10.2361,32.4889,86.4665,-92.6987
-9.8835,32.4116,86.5910,-92.5638
-9.7599,32.4712,86.6969,-92.5950
-9.4063,32.3977,86.8153,-92.4581
-9.2824,32.4530,86.9141,-92.4855
-9.0433,32.4051,86.9913,-92.4363
-8.9278,32.3020,86.9693,-92.3459
-8.9278,31.9698,86.7242,-92.2950
-9.0431,31.9069,86.6238,-92.2576
-9.0431,29.9856,84.9031,-91.9967
-8.9278,29.8869,84.8613,-91.9752
-8.9278,29.5348,84.4768,-91.9083
-8.8125,29.4387,84.4313,-91.8774
-8.8124,29.2326,84.1961,-91.7904
-8.5726,28.9158,83.9396,-91.7357
-8.5726,28.7175,83.6942,-91.6634
-8.2077,28.2613,83.2831,-91.5640
-8.0919,27.9300,82.8752,-91.4904
-7.6101,27.3638,82.2692,-91.3188
-7.0019,26.9179,81.8482,-91.1563
-6.7689,26.6606,81.5095,-91.0837
-5.1862,25.7701,80.5002,-90.7420
-5.0690,25.7556,80.5212,-90.7425
-4.8254,25.6289,80.3504,-90.6972
-4.4642,25.5427,80.3048,-90.6654
-3.9758,25.3530,80.0421,-90.5360
-3.3601,25.2547,80.0138,-90.4480
-2.8796,25.0816,79.7276,-90.3729
-1.8995,24.9828,79.7000,-90.2448
-1.7723,24.9345,79.5998,-90.2397
-1.5271,24.9666,79.7232,-90.2306
-1.0454,24.8652,79.5169,-90.1304
-0.5546,24.9433,79.7566,-90.0697
-0.4273,24.8990,79.6506,-90.0701
-0.5546,24.7679,79.3048,-90.0504
-0.4273,24.8124,79.4233,-90.0705
0.6728,24.7313,79.1886,-89.9180
0.4273,24.8112,79.4249,-89.9140
0.0637,24.8091,79.4281,-89.9475
-0.1818,24.8516,79.5364,-89.9931
-0.0636,24.8103,79.4263,-90.0233
0.3091,24.8101,79.4267,-90.0075
0.9182,24.7766,79.2927,-89.8848
1.1636,24.7820,79.2849,-89.8868
1.6542,24.7155,79.0293,-89.7991
1.7723,24.7632,79.1429,-89.7959
3.1154,24.8428,79.0292,-89.6210
3.2423,24.8927,79.1267,-89.6127
3.6048,24.9214,79.0855,-89.6017
4.3375,25.1234,79.3290,-89.4475
4.9427,25.2332,79.3405,-89.3654
5.6728,25.4585,79.5374,-89.2503
5.9159,25.5819,79.7117,-89.2222
6.2846,25.6836,79.7478,-89.1896
6.5179,25.8135,79.9129,-89.1125
7.0019,25.9888,80.0122,-89.0127
7.3688,26.1961,80.2356,-88.9336
7.4851,26.2167,80.2056,-88.9359
8.8035,27.0377,80.9545,-88.6038
8.8035,27.0932,81.0580,-88.5777
9.5213,27.6910,81.5955,-88.3773
10.1127,28.4206,82.3138,-88.1478
10.1127,28.5430,82.4933,-88.0875
10.3506,28.7245,82.5843,-88.0678
10.3504,28.9118,82.8419,-87.9589
10.4736,29.0099,82.8836,-87.9821
10.4736,29.1390,83.0541,-87.9080
10.5879,29.2305,83.0919,-87.9171
10.5878,29.3619,83.2594,-87.8439
10.8248,29.6902,83.4956,-87.7739
10.9476,30.4196,84.2304,-87.5997
11.0615,30.5173,84.2588,-87.5744
11.0614,32.0381,85.6573,-87.2598
10.9476,32.0869,85.7645,-87.2316
10.9476,32.4901,86.0766,-87.2155
10.8249,32.5455,86.1884,-87.1667
10.8248,33.0478,86.5457,-87.1308
10.7108,33.1903,86.7057,-87.0664
10.5879,33.1626,86.7510,-87.1384
10.2360,33.3387,87.0471,-87.2102
10.2360,33.6886,87.2652,-87.1687
9.9981,33.9930,87.5599,-87.1652
9.9981,33.8135,87.4570,-87.2276
10.1128,33.7464,87.3612,-87.2238
10.1127,33.5696,87.2547,-87.2305
10.2361,33.5125,87.1577,-87.2337
10.3504,33.1914,86.8934,-87.2132
10.8248,33.0478,86.5457,-87.1363
10.8248,32.5460,86.1878,-87.2214
10.9476,32.4897,86.0772,-87.2558
10.9476,32.0872,85.7640,-87.2682
11.0615,32.0377,85.6577,-87.3131
11.0614,30.5176,84.2583,-87.5664
10.9476,30.4193,84.2309,-87.5900
10.8248,29.6902,83.4956,-87.7741
10.7108,29.5962,83.4617,-87.7995
10.7108,29.4614,83.2985,-87.8712
10.5879,29.3624,83.2589,-87.8638
10.3504,28.7865,82.6664,-88.0285
9.5213,27.7506,81.6939,-88.3625
9.2825,27.5813,81.5853,-88.4146
8.8035,27.0934,81.0578,-88.5906
7.3688,26.1961,80.2356,-88.9381
7.2436,26.1739,80.2679,-88.9331
6.8854,25.9694,80.0405,-89.0314
6.7600,25.9486,80.0707,-89.0294
6.1585,25.6666,79.7724,-89.1661
5.7990,25.5652,79.7360,-89.1798
5.5558,25.4411,79.5624,-89.2531
4.5815,25.1497,79.2913,-89.4192
4.3376,25.1227,79.3300,-89.4183
3.9758,25.0010,79.1535,-89.5071
3.2423,24.8930,79.1261,-89.6012
3.1154,24.8424,79.0297,-89.6098
1.7723,24.7637,79.1423,-89.7837
1.6542,24.7151,79.0299,-89.7890
1.5270,24.7535,79.1568,-89.7960
1.2817,24.7449,79.1691,-89.8141
0.9182,24.8622,79.5212,-89.8855
1.0363,24.8232,79.4080,-89.8866
0.4273,24.6450,78.9614,-89.9506
-0.6728,24.6483,78.9567,-90.0802
-0.8000,24.6899,79.0659,-90.0821
-0.8000,24.6503,78.9538,-90.0947
