-0.1167,24.6928,78.9645,-89.9994
1.2872,23.2168,60.9745,-90.0674
1.2872,23.2172,60.9738,-90.0653
1.3979,23.2029,61.1512,-90.0616
1.3979,23.2034,61.1505,-90.0690
1.5108,23.2077,61.1444,-90.0690
1.5108,23.2079,61.1442,-90.0746
1.6215,23.2125,61.1377,-90.0746
1.6215,23.2127,61.1375,-90.0800
1.7344,23.2178,61.1304,-90.0801
1.7344,23.2180,61.1302,-90.0856
1.8451,23.2233,61.1228,-90.0857
1.8451,23.2234,61.1226,-90.0911
1.9580,23.2292,61.1145,-90.0912
1.9580,23.2294,61.1143,-90.0968
2.0687,23.2354,61.1059,-90.0968
2.0686,23.2356,61.1057,-90.1023
2.1815,23.2420,61.0966,-90.1023
2.1815,23.2422,61.0964,-90.1079
2.2921,23.2315,61.2657,-90.1018
2.2921,23.2319,61.2651,-90.1102
2.4049,23.2391,61.2551,-90.1103
2.4049,23.2392,61.2548,-90.1157
2.5155,23.2466,61.2446,-90.1158
2.5155,23.2468,61.2443,-90.1211
2.6283,23.2546,61.2334,-90.1212
2.6283,23.2548,61.2331,-90.1266
2.7388,23.2629,61.2219,-90.1267
2.7388,23.2630,61.2217,-90.1320
2.8516,23.2543,61.3912,-90.1242
2.8516,23.2547,61.3906,-90.1334
2.9621,23.2635,61.3784,-90.1335
2.9621,23.2636,61.3782,-90.1387
3.0748,23.2729,61.3653,-90.1388
3.0748,23.2730,61.3650,-90.1440
3.1852,23.2825,61.3519,-90.1442
3.1852,23.2826,61.3517,-90.1493
3.2979,23.2926,61.3378,-90.1495
3.2979,23.2927,61.3376,-90.1547
3.4083,23.2863,61.5007,-90.1456
3.4083,23.2868,61.5001,-90.1553
3.5209,23.2974,61.4853,-90.1555
3.5209,23.2976,61.4851,-90.1605
3.6312,23.3083,61.4701,-90.1607
3.6312,23.3085,61.4698,-90.1657
3.7438,23.3198,61.4540,-90.1659
3.7438,23.3200,61.4538,-90.1710
3.8541,23.3151,61.6179,-90.1605
3.8541,23.3155,61.6173,-90.1707
3.9666,23.3275,61.6006,-90.1709
3.9666,23.3277,61.6003,-90.1758
4.0768,23.3398,61.5834,-90.1761
4.0768,23.3400,61.5832,-90.1808
4.1892,23.3371,61.7413,-90.1697
4.1892,23.3375,61.7407,-90.1802
4.2994,23.3503,61.7229,-90.1805
4.2994,23.3505,61.7227,-90.1851
4.4118,23.3638,61.7040,-90.1855
4.4118,23.3640,61.7038,-90.1901
4.5219,23.3621,61.8637,-90.1779
4.5219,23.3625,61.8631,-90.1887
4.6342,23.3765,61.8435,-90.1890
4.6342,23.3767,61.8432,-90.1936
4.7442,23.3908,61.8235,-90.1940
4.7442,23.3910,61.8233,-90.1984
4.8564,23.3911,61.9772,-90.1855
4.8564,23.3915,61.9766,-90.1966
4.9664,23.4063,61.9560,-90.1970
4.9664,23.4065,61.9558,-90.2013
5.0786,23.4219,61.9343,-90.2018
5.0785,23.4221,61.9340,-90.2061
5.1907,23.4234,62.0893,-90.1921
5.1906,23.4238,62.0887,-90.2036
5.3005,23.4396,62.0667,-90.2041
5.3005,23.4397,62.0665,-90.2081
5.4125,23.4425,62.2167,-90.1939
5.4125,23.4429,62.2161,-90.2054
5.5223,23.4593,62.1932,-90.2059
5.5223,23.4595,62.1929,-90.2098
5.6343,23.4766,62.1690,-90.2104
5.6342,23.4768,62.1688,-90.2144
5.7440,23.4803,62.3209,-90.1990
5.7439,23.4807,62.3203,-90.2108
5.8558,23.4985,62.2955,-90.2115
5.8558,23.4987,62.2952,-90.2153
5.9654,23.5165,62.2704,-90.2159
5.9654,23.5166,62.2701,-90.2197
6.0772,23.5223,62.4162,-90.2037
6.0772,23.5227,62.4157,-90.2158
6.1867,23.5411,62.3899,-90.2165
6.1867,23.5413,62.3897,-90.2200
6.2984,23.5478,62.5376,-90.2032
6.2984,23.5482,62.5370,-90.2156
6.4078,23.5672,62.5104,-90.2163
6.4078,23.5674,62.5101,-90.2197
6.5194,23.5753,62.6530,-90.2027
6.5194,23.5757,62.6525,-90.2150
6.6287,23.5954,62.6249,-90.2158
6.6287,23.5956,62.6247,-90.2190
6.7402,23.6043,62.7694,-90.2011
6.7402,23.6047,62.7688,-90.2137
6.8494,23.6141,62.9096,-90.1958
6.8494,23.6145,62.9090,-90.2082
6.9608,23.6356,62.8795,-90.2091
6.9608,23.6357,62.8793,-90.2120
7.0699,23.6460,63.0219,-90.1933
7.0699,23.6464,63.0213,-90.2060
7.1812,23.6681,62.9909,-90.2070
7.1812,23.6683,62.9906,-90.2097
7.2902,23.6798,63.1283,-90.1909
7.2902,23.6802,63.1278,-90.2035
7.4014,23.7026,63.0964,-90.2045
7.4014,23.7028,63.0962,-90.2071
7.5103,23.7152,63.2356,-90.1873
7.5103,23.7156,63.2351,-90.2003
7.6214,23.7295,63.3695,-90.1806
7.6213,23.7298,63.3689,-90.1934
7.7302,23.7528,63.3368,-90.1945
7.7302,23.7529,63.3366,-90.1967
7.8411,23.7677,63.4728,-90.1762
7.8411,23.7681,63.4722,-90.1893
7.9498,23.7833,63.6046,-90.1688
7.9498,23.7837,63.6041,-90.1817
8.0606,23.8080,63.5700,-90.1829
8.0606,23.8082,63.5697,-90.1848
8.1692,23.8243,63.7039,-90.1635
8.1692,23.8247,63.7034,-90.1767
8.2799,23.8422,63.8325,-90.1555
8.2799,23.8426,63.8320,-90.1685
8.3884,23.8674,63.7972,-90.1698
8.3883,23.8676,63.7970,-90.1713
8.4989,23.8860,63.9278,-90.1493
8.4989,23.8864,63.9273,-90.1626
8.6073,23.9053,64.0545,-90.1406
8.6072,23.9056,64.0540,-90.1537
8.7177,23.9256,64.1827,-90.1310
8.7177,23.9260,64.1821,-90.1444
8.8259,23.9520,64.1456,-90.1458
8.8259,23.9522,64.1454,-90.1468
8.9362,23.9734,64.2693,-90.1243
8.9362,23.9737,64.2688,-90.1375
9.0443,23.9950,64.3956,-90.1140
9.0443,23.9954,64.3951,-90.1275
9.1545,24.0181,64.5169,-90.1043
9.1545,24.0184,64.5163,-90.1175
9.2625,24.0412,64.6410,-90.0935
9.2624,24.0416,64.6405,-90.1069
9.3725,24.0697,64.6010,-90.1086
9.3725,24.0698,64.6008,-90.1090
9.4803,24.0937,64.7208,-90.0852
9.4803,24.0941,64.7203,-90.0985
9.5902,24.1192,64.8417,-90.0738
9.5902,24.1196,64.8411,-90.0874
9.6979,24.1449,64.9590,-90.0630
9.6979,24.1453,64.9585,-90.0762
9.8077,24.1719,65.0778,-90.0511
9.8076,24.1723,65.0772,-90.0646
9.9152,24.1991,65.1931,-90.0397
9.9152,24.1994,65.1926,-90.0529
10.0248,24.2275,65.3097,-90.0274
10.0248,24.2279,65.3092,-90.0408
10.1322,24.2561,65.4230,-90.0155
10.1322,24.2565,65.4225,-90.0286
10.2417,24.2860,65.5375,-90.0026
10.2417,24.2864,65.5370,-90.0160
10.3489,24.3161,65.6487,-89.9903
10.3489,24.3164,65.6482,-90.0034
10.4583,24.3474,65.7612,-89.9769
10.4582,24.3478,65.7607,-89.9903
10.5654,24.3789,65.8704,-89.9641
10.5653,24.3792,65.8699,-89.9772
10.6745,24.4117,65.9808,-89.9502
10.6745,24.4120,65.9803,-89.9636
10.6745,24.4132,66.1322,-89.9345
10.6745,24.4134,66.1319,-89.9493
10.7815,24.4464,66.2420,-89.9221
10.7814,24.4467,66.2415,-89.9353
10.8905,24.4810,66.3467,-89.9085
10.8905,24.4813,66.3462,-89.9213
10.9973,24.5157,66.4543,-89.8937
10.9973,24.5161,66.4538,-89.9068
11.1061,24.5517,66.5570,-89.8796
11.1061,24.5521,66.5565,-89.8924
11.1061,24.5554,66.7085,-89.8617
11.1061,24.5556,66.7082,-89.8774
11.2128,24.5918,66.8107,-89.8499
11.2127,24.5921,66.8102,-89.8626
11.3215,24.6297,66.9138,-89.8343
11.3214,24.6300,66.9133,-89.8472
11.4280,24.6675,67.0139,-89.8194
11.4279,24.6679,67.0134,-89.8320
11.5365,24.7068,67.1150,-89.8033
11.5364,24.7072,67.1145,-89.8162
11.5364,24.7125,67.2605,-89.7850
11.5364,24.7127,67.2602,-89.8010
11.6428,24.7521,67.3612,-89.7720
11.6428,24.7525,67.3607,-89.7848
11.7512,24.7931,67.4568,-89.7563
11.7511,24.7935,67.4563,-89.7687
11.7511,24.8002,67.6036,-89.7364
11.7511,24.8004,67.6033,-89.7529
11.8573,24.8414,67.6988,-89.7242
11.8573,24.8418,67.6983,-89.7364
11.9655,24.8843,67.7948,-89.7070
11.9655,24.8847,67.7943,-89.7194
11.9655,24.8925,67.9369,-89.6873
11.9655,24.8927,67.9366,-89.7038
12.0715,24.9356,68.0325,-89.6740
12.0715,24.9360,68.0320,-89.6864
12.0715,24.9446,68.1735,-89.6540
12.0715,24.9448,68.1732,-89.6706
12.1795,24.9896,68.2666,-89.6406
12.1795,24.9899,68.2661,-89.6528
12.2853,25.0344,68.3567,-89.6233
12.2853,25.0347,68.3562,-89.6352
12.2853,25.0448,68.4989,-89.6016
12.2853,25.0450,68.4986,-89.6189
12.3932,25.0913,68.5867,-89.5892
12.3931,25.0916,68.5862,-89.6008
12.3931,25.1025,68.7277,-89.5670
12.3931,25.1027,68.7274,-89.5844
12.4988,25.1493,68.8150,-89.5544
12.4988,25.1496,68.8145,-89.5660
12.4988,25.1613,68.9549,-89.5319
12.4988,25.1615,68.9546,-89.5495
12.6065,25.2099,69.0397,-89.5194
12.6064,25.2102,69.0392,-89.5307
12.6064,25.2228,69.1784,-89.4964
12.6064,25.2230,69.1781,-89.5140
12.7120,25.2717,69.2628,-89.4837
12.7119,25.2720,69.2623,-89.4949
12.7119,25.2853,69.4004,-89.4604
12.7119,25.2855,69.4001,-89.4782
12.8194,25.3360,69.4823,-89.4478
12.8194,25.3363,69.4818,-89.4587
12.8194,25.3505,69.6188,-89.4239
12.8194,25.3507,69.6185,-89.4419
12.9247,25.4014,69.7002,-89.4111
12.9247,25.4017,69.6998,-89.4221
12.9247,25.4167,69.8357,-89.3870
12.9247,25.4169,69.8354,-89.4051
13.0320,25.4697,69.9173,-89.3736
13.0320,25.4700,69.9168,-89.3846
13.0320,25.4855,70.0489,-89.3500
13.0320,25.4857,70.0487,-89.3678
13.0320,25.5019,70.1829,-89.3324
13.0320,25.5021,70.1826,-89.3506
13.1371,25.5553,70.2609,-89.3196
13.1371,25.5556,70.2605,-89.3300
13.1371,25.5726,70.3936,-89.2945
13.1371,25.5728,70.3933,-89.3129
13.1371,25.5898,70.5233,-89.2779
13.1371,25.5900,70.5230,-89.2959
13.2443,25.6457,70.6009,-89.2641
13.2442,25.6460,70.6005,-89.2744
13.2442,25.6638,70.7294,-89.2394
13.2442,25.6640,70.7291,-89.2575
13.2442,25.6826,70.8601,-89.2216
13.2442,25.6828,70.8598,-89.2401
13.3492,25.7387,70.9342,-89.2087
13.3492,25.7390,70.9338,-89.2185
13.3492,25.7584,71.0636,-89.1826
13.3492,25.7586,71.0634,-89.2013
13.3492,25.7781,71.1902,-89.1658
13.3492,25.7783,71.1899,-89.1841
13.4561,25.8367,71.2639,-89.1519
13.4561,25.8370,71.2634,-89.1616
13.4561,25.8572,71.3892,-89.1261
13.4561,25.8574,71.3889,-89.1446
13.4561,25.8784,71.5166,-89.1082
13.4561,25.8786,71.5163,-89.1270
13.5609,25.9372,71.5870,-89.0952
13.5608,25.9375,71.5865,-89.1044
13.5608,25.9592,71.7132,-89.0680
13.5608,25.9594,71.7129,-89.0870
13.5608,25.9812,71.8366,-89.0510
13.5608,25.9814,71.8363,-89.0697
13.5608,26.0040,71.9619,-89.0330
13.5608,26.0042,71.9617,-89.0520
13.6676,26.0652,72.0288,-89.0201
13.6676,26.0655,72.0284,-89.0287
13.6676,26.0889,72.1529,-88.9921
13.6676,26.0891,72.1527,-89.0112
13.6676,26.1124,72.2742,-88.9750
13.6676,26.1126,72.2740,-88.9938
13.6676,26.1367,72.3975,-88.9569
13.6676,26.1369,72.3972,-88.9760
13.7722,26.1989,72.4631,-88.9439
13.7721,26.1992,72.4626,-88.9523
13.7721,26.2241,72.5851,-88.9154
13.7721,26.2243,72.5849,-88.9347
13.7721,26.2491,72.7044,-88.8982
13.7721,26.2493,72.7041,-88.9172
13.7721,26.2750,72.8256,-88.8800
13.7721,26.2752,72.8253,-88.8993
13.7721,26.3008,72.9438,-88.8629
13.7721,26.3010,72.9436,-88.8818
13.8787,26.3663,73.0079,-88.8490
13.8787,26.3666,73.0074,-88.8569
13.8787,26.3929,73.1249,-88.8205
13.8787,26.3931,73.1247,-88.8396
13.8787,26.4204,73.2441,-88.8022
13.8787,26.4206,73.2438,-88.8217
13.8787,26.4477,73.3603,-88.7850
13.8787,26.4479,73.3600,-88.8041
13.8787,26.4759,73.4784,-88.7667
13.8787,26.4761,73.4781,-88.7862
13.8787,26.5040,73.5936,-88.7495
13.8787,26.5042,73.5933,-88.7686
13.8787,26.5330,73.7106,-88.7312
13.8787,26.5332,73.7104,-88.7507
13.9831,26.5999,73.7697,-88.7183
13.9831,26.6002,73.7692,-88.7252
13.9831,26.6298,73.8855,-88.6880
13.9831,26.6299,73.8853,-88.7077
13.9831,26.6593,73.9988,-88.6707
13.9831,26.6595,73.9985,-88.6900
13.9831,26.6899,74.1138,-88.6523
13.9831,26.6901,74.1135,-88.6720
13.9831,26.7202,74.2261,-88.6350
13.9831,26.7204,74.2258,-88.6544
13.9831,26.7515,74.3401,-88.6167
13.9831,26.7517,74.3398,-88.6364
13.9831,26.7826,74.4513,-88.5994
13.9831,26.7828,74.4511,-88.6188
13.9831,26.8147,74.5643,-88.5811
13.9831,26.8149,74.5641,-88.6008
13.9831,26.8465,74.6746,-88.5639
13.9831,26.8467,74.6743,-88.5832
13.9831,26.8794,74.7866,-88.5456
13.9831,26.8795,74.7863,-88.5653
13.9831,26.9120,74.8959,-88.5283
13.9831,26.9121,74.8956,-88.5477
13.9831,26.9456,75.0068,-88.5101
13.9831,26.9458,75.0066,-88.5298
13.9831,26.9789,75.1151,-88.4929
13.9831,26.9791,75.1149,-88.5123
13.9831,27.0133,75.2251,-88.4746
13.9831,27.0135,75.2249,-88.4944
13.9831,27.0474,75.3325,-88.4574
13.9831,27.0476,75.3322,-88.4768
13.9831,27.0825,75.4415,-88.4392
13.9831,27.0827,75.4412,-88.4590
13.9831,27.1173,75.5478,-88.4220
13.9831,27.1175,75.5476,-88.4414
13.9831,27.1532,75.6558,-88.4038
13.9831,27.1534,75.6556,-88.4236
13.9831,27.1888,75.7612,-88.3866
13.9831,27.1890,75.7610,-88.4061
13.9831,27.2255,75.8683,-88.3684
13.9831,27.2257,75.8680,-88.3883
13.9831,27.2618,75.9727,-88.3513
13.9831,27.2620,75.9725,-88.3708
13.9831,27.2992,76.0788,-88.3331
13.9831,27.2994,76.0785,-88.3530
13.9831,27.3362,76.1822,-88.3160
13.9831,27.3364,76.1820,-88.3355
13.9831,27.3744,76.2873,-88.2978
13.9831,27.3746,76.2871,-88.3177
13.9831,27.4122,76.3898,-88.2807
13.9831,27.4123,76.3896,-88.3003
13.9831,27.4510,76.4939,-88.2626
13.9831,27.4512,76.4937,-88.2825
13.9831,27.4896,76.5955,-88.2455
13.9831,27.4897,76.5953,-88.2650
13.9831,27.5292,76.6986,-88.2274
13.9831,27.5294,76.6984,-88.2473
13.9831,27.5684,76.7993,-88.2103
13.9831,27.5686,76.7990,-88.2299
13.9831,27.6088,76.9015,-88.1922
13.9831,27.6090,76.9012,-88.2121
13.9831,27.6488,77.0011,-88.1751
13.9831,27.6490,77.0009,-88.1947
13.8787,27.6528,77.1571,-88.1525
13.8787,27.6532,77.1566,-88.1895
13.8787,27.6937,77.2556,-88.1518
13.8787,27.6939,77.2554,-88.1713
13.8787,27.7356,77.3558,-88.1339
13.8787,27.7358,77.3556,-88.1537
13.8787,27.7770,77.4536,-88.1170
13.8787,27.7772,77.4534,-88.1365
13.8787,27.8197,77.5529,-88.0990
13.8787,27.8198,77.5527,-88.1189
13.8787,27.8618,77.6498,-88.0822
13.8787,27.8620,77.6496,-88.1017
13.7722,27.8679,77.8034,-88.0596
13.7721,27.8682,77.8029,-88.0978
13.7721,27.9110,77.8991,-88.0603
13.7721,27.9111,77.8989,-88.0797
13.7721,27.9551,77.9965,-88.0425
13.7721,27.9553,77.9962,-88.0623
13.7721,27.9987,78.0914,-88.0258
13.7721,27.9989,78.0912,-88.0453
13.7721,28.0436,78.1879,-88.0081
13.7721,28.0437,78.1876,-88.0279
13.6676,28.0518,78.3356,-87.9869
13.6676,28.0521,78.3351,-88.0250
13.6676,28.0976,78.4308,-87.9869
13.6676,28.0978,78.4306,-88.0067
13.6676,28.1427,78.5240,-87.9704
13.6676,28.1428,78.5237,-87.9898
13.6676,28.1890,78.6185,-87.9528
13.6676,28.1892,78.6183,-87.9726
13.6676,28.2348,78.7107,-87.9363
13.6676,28.2350,78.7105,-87.9557
13.5609,28.2455,78.8585,-87.9141
13.5608,28.2459,78.8581,-87.9538
13.5608,28.2922,78.9496,-87.9164
13.5608,28.2924,78.9494,-87.9358
13.5608,28.3400,79.0423,-87.8991
13.5608,28.3402,79.0420,-87.9188
13.4561,28.3520,79.1853,-87.8783
13.4561,28.3523,79.1848,-87.9175
13.4561,28.4007,79.2768,-87.8797
13.4561,28.4009,79.2765,-87.8994
13.4561,28.4487,79.3662,-87.8635
13.4561,28.4489,79.3660,-87.8827
13.4561,28.4980,79.4570,-87.8462
13.4561,28.4981,79.4568,-87.8659
13.3492,28.5111,79.5988,-87.8256
13.3492,28.5115,79.5983,-87.8657
13.3492,28.5613,79.6884,-87.8281
13.3492,28.5615,79.6882,-87.8476
13.3492,28.6107,79.7760,-87.8120
13.3492,28.6109,79.7758,-87.8312
13.2443,28.6270,79.9166,-87.7906
13.2442,28.6274,79.9162,-87.8311
13.2442,28.6773,80.0031,-87.7943
13.2442,28.6775,80.0029,-87.8134
13.2442,28.7288,80.0911,-87.7774
13.2442,28.7289,80.0909,-87.7968
13.1372,28.7449,80.2292,-87.7571
13.1371,28.7452,80.2287,-87.7980
13.1371,28.7973,80.3161,-87.7607
13.1371,28.7974,80.3158,-87.7801
13.0320,28.8151,80.4517,-87.7408
13.0320,28.8154,80.4513,-87.7814
13.0320,28.8682,80.5376,-87.7444
13.0320,28.8684,80.5374,-87.7637
13.0320,28.9215,80.6233,-87.7281
13.0320,28.9217,80.6231,-87.7473
12.9247,28.9402,80.7582,-87.7082
12.9247,28.9405,80.7577,-87.7497
12.9247,28.9944,80.8427,-87.7128
12.9247,28.9945,80.8425,-87.7320
12.8194,29.0147,80.9752,-87.6932
12.8194,29.0151,80.9748,-87.7345
12.8194,29.0697,81.0589,-87.6978
12.8194,29.0698,81.0586,-87.7169
12.8194,29.1237,81.1406,-87.6825
12.8194,29.1239,81.1404,-87.7011
12.7120,29.1459,81.2740,-87.6620
12.7119,29.1463,81.2735,-87.7044
12.7119,29.2009,81.3546,-87.6685
12.7119,29.2010,81.3544,-87.6871
12.6065,29.2248,81.4856,-87.6483
12.6064,29.2252,81.4851,-87.6906
12.6064,29.2805,81.5653,-87.6548
12.6064,29.2806,81.5651,-87.6734
12.4988,29.3049,81.6959,-87.6348
12.4988,29.3052,81.6954,-87.6777
12.4988,29.3612,81.7748,-87.6421
12.4988,29.3614,81.7745,-87.6606
12.3932,29.3873,81.9030,-87.6224
12.3931,29.3876,81.9026,-87.6650
12.3931,29.4443,81.9810,-87.6297
12.3931,29.4445,81.9808,-87.6480
12.2853,29.4709,82.1088,-87.6100
12.2853,29.4712,82.1084,-87.6534
12.1795,29.4977,82.2330,-87.6144
12.1795,29.4981,82.2326,-87.6570
12.1795,29.5570,82.3113,-87.6215
12.1795,29.5572,82.3110,-87.6400
12.0715,29.5841,82.4353,-87.6032
12.0715,29.5845,82.4349,-87.6464
12.0715,29.6441,82.5126,-87.6110
12.0715,29.6443,82.5124,-87.6294
11.9655,29.6729,82.6344,-87.5931
11.9655,29.6732,82.6340,-87.6360
11.8573,29.7031,82.7575,-87.5971
11.8573,29.7035,82.7571,-87.6411
11.8573,29.7630,82.8320,-87.6067
11.8573,29.7632,82.8318,-87.6245
11.7512,29.7947,82.9531,-87.5882
11.7511,29.7950,82.9526,-87.6317
11.6428,29.8254,83.0725,-87.5940
11.6428,29.8257,83.0720,-87.6379
11.6428,29.8876,83.1471,-87.6033
11.6428,29.8877,83.1469,-87.6212
11.5365,29.9198,83.2645,-87.5861
11.5364,29.9201,83.2641,-87.6295
11.4280,29.9534,83.3832,-87.5917
11.4279,29.9537,83.3827,-87.6362
11.3215,29.9871,83.4986,-87.5993
11.3214,29.9874,83.4982,-87.6430
11.3214,30.0507,83.5715,-87.6091
11.3214,30.0509,83.5712,-87.6267
11.2128,30.0847,83.6867,-87.5924
11.2127,30.0850,83.6862,-87.6366
11.1061,30.1213,83.8014,-87.5997
11.1061,30.1216,83.8009,-87.6440
10.9973,30.1567,83.9146,-87.6078
10.9973,30.1571,83.9142,-87.6523
10.9973,30.2218,83.9857,-87.6191
10.9973,30.2219,83.9855,-87.6362
10.8905,30.2586,84.0970,-87.6030
10.8905,30.2590,84.0966,-87.6470
10.7815,30.2971,84.2095,-87.6108
10.7814,30.2974,84.2090,-87.6559
10.6745,30.3354,84.3189,-87.6205
10.6745,30.3357,84.3184,-87.6649
10.5654,30.3752,84.4296,-87.6292
10.5653,30.3755,84.4291,-87.6744
10.4583,30.4148,84.5372,-87.6396
10.4582,30.4151,84.5368,-87.6840
10.3489,30.4559,84.6462,-87.6490
10.3489,30.4562,84.6457,-87.6942
10.2417,30.4969,84.7521,-87.6600
10.2417,30.4972,84.7517,-87.7044
10.1322,30.5393,84.8593,-87.6700
10.1322,30.5396,84.8589,-87.7153
10.1322,30.6062,84.9251,-87.6844
10.1322,30.6063,84.9248,-87.7002
10.0248,30.6499,85.0304,-87.6690
10.0248,30.6503,85.0300,-87.7138
9.9152,30.6254,85.0687,-87.7063
9.9152,30.6256,85.0685,-87.7362
9.8077,30.6688,85.1715,-87.7048
9.8076,30.6691,85.1710,-87.7492
9.6979,30.7138,85.2752,-87.7159
9.6979,30.7142,85.2747,-87.7614
9.5902,30.7587,85.3760,-87.7288
9.5902,30.7590,85.3755,-87.7735
9.4803,30.8050,85.4779,-87.7407
9.4803,30.8053,85.4775,-87.7863
9.3725,30.8511,85.5770,-87.7543
9.3725,30.8514,85.5766,-87.7991
9.2625,30.8988,85.6772,-87.7669
9.2624,30.8991,85.6768,-87.8125
9.1545,30.9461,85.7746,-87.7811
9.1545,30.9465,85.7742,-87.8259
9.0443,30.9951,85.8731,-87.7943
9.0443,30.9954,85.8726,-87.8400
8.9362,30.9737,85.9068,-87.8327
8.9362,30.9738,85.9066,-87.8635
8.8259,31.0220,86.0030,-87.8345
8.8259,31.0223,86.0026,-87.8797
8.7177,31.0730,86.0986,-87.8490
8.7177,31.0733,86.0982,-87.8940
8.6073,31.1227,86.1929,-87.8641
8.6072,31.1231,86.1924,-87.9095
8.4989,31.1750,86.2868,-87.8793
8.4989,31.1753,86.2864,-87.9244
8.3884,31.1546,86.3191,-87.9172
8.3883,31.1547,86.3189,-87.9493
8.2799,31.2061,86.4107,-87.9218
8.2799,31.2065,86.4103,-87.9663
8.1692,31.2595,86.5032,-87.9371
8.1692,31.2599,86.5027,-87.9827
8.0606,31.2404,86.5336,-87.9755
8.0606,31.2405,86.5333,-88.0074
7.9498,31.2931,86.6237,-87.9808
7.9498,31.2934,86.6233,-88.0258
7.8411,31.3485,86.7134,-87.9976
7.8411,31.3488,86.7129,-88.0424
7.7302,31.3298,86.7431,-88.0353
7.7302,31.3299,86.7429,-88.0682
7.6214,31.3844,86.8305,-88.0424
7.6213,31.3847,86.8301,-88.0867
7.5103,31.4409,86.9186,-88.0594
7.5103,31.4412,86.9182,-88.1048
7.4014,31.4234,86.9465,-88.0977
7.4014,31.4236,86.9463,-88.1303
7.2902,31.4792,87.0323,-88.1054
7.2902,31.4795,87.0319,-88.1503
7.1812,31.4623,87.0594,-88.1433
7.1812,31.4624,87.0592,-88.1761
7.0699,31.5205,87.1451,-88.1514
7.0699,31.5208,87.1447,-88.1964
6.9608,31.5783,87.2281,-88.1709
6.9608,31.5786,87.2277,-88.2152
6.8494,31.5619,87.2544,-88.2083
6.8494,31.5620,87.2542,-88.2421
6.7402,31.6219,87.3374,-88.2183
6.7402,31.6222,87.3370,-88.2625
6.6287,31.6060,87.3629,-88.2556
6.6287,31.6062,87.3627,-88.2896
6.5194,31.6655,87.4435,-88.2667
6.5194,31.6658,87.4431,-88.3106
6.4078,31.6501,87.4681,-88.3038
6.4078,31.6503,87.4679,-88.3380
6.2984,31.7120,87.5486,-88.3154
6.2984,31.7123,87.5482,-88.3592
6.1867,31.6972,87.5724,-88.3525
6.1867,31.6973,87.5721,-88.3869
6.0772,31.7585,87.6505,-88.3652
6.0772,31.7588,87.6501,-88.4087
5.9654,31.7442,87.6734,-88.4021
5.9654,31.7443,87.6732,-88.4366
5.8558,31.8079,87.7513,-88.4152
5.8558,31.8082,87.7509,-88.4588
5.7440,31.7942,87.7734,-88.4522
5.7439,31.7943,87.7731,-88.4869
5.6343,31.7808,87.7947,-88.4815
5.6342,31.7809,87.7945,-88.5154
5.5223,31.8438,87.8703,-88.4953
5.5223,31.8442,87.8699,-88.5390
5.4125,31.8312,87.8906,-88.5325
5.4125,31.8313,87.8904,-88.5667
5.3005,31.8184,87.9112,-88.5614
5.3005,31.8186,87.9110,-88.5962
5.1907,31.8844,87.9858,-88.5767
5.1906,31.8847,87.9853,-88.6196
5.0786,31.8723,88.0052,-88.6132
5.0785,31.8725,88.0050,-88.6483
4.9664,31.9374,88.0778,-88.6296
4.9664,31.9377,88.0774,-88.6728
4.8564,31.9261,88.0960,-88.6664
4.8564,31.9263,88.0958,-88.7010
4.7442,31.9147,88.1144,-88.6958
4.7442,31.9148,88.1142,-88.7309
4.6342,31.9827,88.1860,-88.7129
4.6342,31.9830,88.1856,-88.7553
4.5219,31.9720,88.2034,-88.7490
4.5219,31.9721,88.2031,-88.7845
4.4118,31.9616,88.2201,-88.7792
4.4118,31.9617,88.2199,-88.8139
4.2994,32.0290,88.2893,-88.7971
4.2994,32.0293,88.2889,-88.8397
4.1892,32.0193,88.3050,-88.8335
4.1892,32.0194,88.3048,-88.8685
4.0768,32.0095,88.3208,-88.8633
4.0768,32.0096,88.3206,-88.8988
3.9666,32.0798,88.3891,-88.8826
3.9666,32.0801,88.3887,-88.9243
3.8541,32.0707,88.4038,-88.9182
3.8541,32.0708,88.4036,-88.9541
3.7438,32.0618,88.4181,-88.9488
3.7438,32.0620,88.4178,-88.9839
3.6312,32.0531,88.4322,-88.9787
3.6312,32.0532,88.4319,-89.0145
3.5209,32.1233,88.4973,-88.9997
3.5209,32.1235,88.4968,-89.0408
3.4083,32.1152,88.5103,-89.0348
3.4083,32.1153,88.5101,-89.0708
3.2979,32.1074,88.5229,-89.0656
3.2979,32.1076,88.5226,-89.1009
3.1852,32.0997,88.5352,-89.0957
3.1852,32.0999,88.5350,-89.1317
3.0748,32.1729,88.5993,-89.1179
3.0748,32.1732,88.5989,-89.1586
2.9621,32.1659,88.6106,-89.1527
2.9621,32.1660,88.6104,-89.1890
2.8516,32.1592,88.6215,-89.1837
2.8516,32.1593,88.6213,-89.2192
2.7388,32.1526,88.6322,-89.2141
2.7388,32.1527,88.6320,-89.2502
2.6283,32.1463,88.6422,-89.2450
2.6283,32.1465,88.6420,-89.2805
2.5155,32.2194,88.7029,-89.2685
2.5155,32.2197,88.7025,-89.3090
2.4049,32.2139,88.7119,-89.3033
2.4049,32.2140,88.7117,-89.3390
2.2921,32.2083,88.7209,-89.3339
2.2921,32.2085,88.7207,-89.3702
2.1815,32.2032,88.7293,-89.3650
2.1815,32.2033,88.7291,-89.4007
2.0687,32.1981,88.7374,-89.3956
2.0686,32.1983,88.7372,-89.4319
1.9580,32.1935,88.7449,-89.4268
1.9580,32.1936,88.7447,-89.4624
1.8451,32.1890,88.7522,-89.4574
1.8451,32.1891,88.7520,-89.4937
1.7344,32.2660,88.8103,-89.4836
1.7344,32.2663,88.8099,-89.5225
1.6215,32.2622,88.8165,-89.5170
1.6215,32.2623,88.8163,-89.5536
1.5108,32.2586,88.8224,-89.5484
1.5108,32.2587,88.8222,-89.5842
1.3979,32.2551,88.8279,-89.5792
1.3979,32.2553,88.8277,-89.6157
1.2872,32.2520,88.8330,-89.6105
1.2872,32.2521,88.8328,-89.6464
1.1742,32.2491,88.8377,-89.6413
1.1742,32.2492,88.8375,-89.6779
1.0635,32.2465,88.8418,-89.6727
1.0635,32.2467,88.8416,-89.7086
0.9505,32.2442,88.8457,-89.7035
0.9505,32.2443,88.8455,-89.7401
0.8397,32.2421,88.8490,-89.7350
0.8397,32.2422,88.8488,-89.7708
0.7267,32.2402,88.8520,-89.7658
0.7267,32.2404,88.8518,-89.8023
0.6160,32.2387,88.8545,-89.7972
0.6160,32.2388,88.8543,-89.8330
0.5030,32.2374,88.8567,-89.8280
0.5030,32.2375,88.8565,-89.8645
0.3922,32.3162,88.9084,-89.8581
0.3922,32.3165,88.9080,-89.8949
0.2792,32.3156,88.9095,-89.8898
0.2792,32.3157,88.9093,-89.9265
0.1684,32.3151,88.9103,-89.9213
0.1684,32.3152,88.9101,-89.9574
0.0554,32.3148,88.9107,-89.9523
0.0554,32.3149,88.9105,-89.9890
-0.0554,32.3148,88.9107,-89.9839
-0.0554,32.3149,88.9105,-90.0199
-0.1684,32.3150,88.9103,-90.0149
-0.1684,32.3152,88.9101,-90.0516
-0.2792,32.3156,88.9095,-90.0464
-0.2792,32.3157,88.9093,-90.0824
-0.3922,32.3164,88.9082,-90.0774
-0.3922,32.3165,88.9080,-90.1141
-0.5030,32.2372,88.8569,-90.1079
-0.5030,32.2375,88.8565,-90.1444
-0.6160,32.2387,88.8545,-90.1393
-0.6160,32.2388,88.8543,-90.1758
-0.7267,32.2402,88.8520,-90.1707
-0.7267,32.2404,88.8518,-90.2065
-0.8397,32.2421,88.8490,-90.2016
-0.8397,32.2422,88.8488,-90.2381
-0.9505,32.2442,88.8457,-90.2330
-0.9505,32.2443,88.8455,-90.2688
-1.0635,32.2465,88.8419,-90.2638
-1.0635,32.2467,88.8416,-90.3003
-1.1742,32.2491,88.8377,-90.2952
-1.1742,32.2492,88.8375,-90.3310
-1.2872,32.2520,88.8330,-90.3260
-1.2872,32.2521,88.8328,-90.3625
-1.3979,32.2551,88.8279,-90.3573
-1.3979,32.2553,88.8277,-90.3932
-1.5108,32.2585,88.8224,-90.3881
-1.5108,32.2587,88.8222,-90.4246
-1.6215,32.2622,88.8165,-90.4195
-1.6215,32.2623,88.8163,-90.4553
-1.7344,32.2661,88.8101,-90.4502
-1.7344,32.2663,88.8099,-90.4867
-1.8451,32.1888,88.7524,-90.4769
-1.8451,32.1891,88.7520,-90.5154
-1.9580,32.1935,88.7449,-90.5100
-1.9580,32.1936,88.7447,-90.5463
-2.0687,32.1981,88.7374,-90.5412
-2.0686,32.1983,88.7372,-90.5768
-2.1815,32.2032,88.7293,-90.5718
-2.1815,32.2033,88.7291,-90.6081
-2.2921,32.2083,88.7209,-90.6029
-2.2921,32.2085,88.7207,-90.6385
-2.4049,32.2139,88.7119,-90.6335
-2.4049,32.2140,88.7117,-90.6698
-2.5155,32.2196,88.7027,-90.6646
-2.5155,32.2197,88.7025,-90.7002
-2.6283,32.1462,88.6424,-90.6884
-2.6283,32.1465,88.6420,-90.7286
-2.7388,32.1526,88.6322,-90.7229
-2.7388,32.1527,88.6320,-90.7584
-2.8516,32.1592,88.6215,-90.7533
-2.8516,32.1593,88.6213,-90.7894
-2.9621,32.1659,88.6106,-90.7843
-2.9621,32.1660,88.6104,-90.8197
-3.0748,32.1730,88.5991,-90.8146
-3.0748,32.1732,88.5989,-90.8507
-3.1852,32.0996,88.5355,-90.8372
-3.1852,32.0999,88.5350,-90.8775
-3.2979,32.1074,88.5229,-90.8717
-3.2979,32.1076,88.5226,-90.9077
-3.4083,32.1152,88.5103,-90.9025
-3.4083,32.1153,88.5101,-90.9377
-3.5209,32.1234,88.4971,-90.9326
-3.5209,32.1235,88.4968,-90.9685
-3.6312,32.0529,88.4324,-90.9539
-3.6312,32.0532,88.4319,-90.9946
-3.7438,32.0618,88.4181,-90.9887
-3.7438,32.0620,88.4178,-91.0246
-3.8541,32.0707,88.4038,-91.0193
-3.8541,32.0708,88.4036,-91.0544
-3.9666,31.9999,88.3361,-91.0388
-3.9666,32.0002,88.3357,-91.0806
-4.0768,32.0095,88.3208,-91.0746
-4.0768,32.0096,88.3206,-91.1095
-4.1892,32.0193,88.3050,-91.1044
-4.1892,32.0194,88.3048,-91.1399
-4.2994,32.0292,88.2891,-91.1346
-4.2994,32.0293,88.2889,-91.1694
-4.4118,31.9614,88.2203,-91.1529
-4.4118,31.9617,88.2199,-91.1951
-4.5219,31.9720,88.2033,-91.1890
-4.5219,31.9721,88.2031,-91.2237
-4.6342,31.9829,88.1858,-91.2185
-4.6342,31.9830,88.1856,-91.2538
-4.7442,31.9145,88.1146,-91.2360
-4.7442,31.9148,88.1142,-91.2781
-4.8564,31.9261,88.0961,-91.2719
-4.8564,31.9263,88.0958,-91.3071
-4.9664,31.9376,88.0776,-91.3018
-4.9664,31.9377,88.0774,-91.3362
-5.0786,31.8722,88.0054,-91.3179
-5.0785,31.8725,88.0050,-91.3608
-5.1885,31.8843,87.9859,-91.3544
-5.1884,31.8845,87.9857,-91.3888
-5.3005,31.8182,87.9114,-91.3696
-5.3005,31.8186,87.9110,-91.4128
-5.4103,31.8310,87.8911,-91.4064
-5.4103,31.8311,87.8908,-91.4406
-5.5223,31.8440,87.8701,-91.4353
-5.5223,31.8442,87.8699,-91.4700
-5.6321,31.7804,87.7953,-91.4501
-5.6320,31.7807,87.7949,-91.4928
-5.7440,31.7942,87.7734,-91.4863
-5.7439,31.7943,87.7731,-91.5210
-5.8536,31.7299,87.6962,-91.5002
-5.8536,31.7302,87.6958,-91.5432
-5.9654,31.7442,87.6734,-91.5367
-5.9654,31.7443,87.6732,-91.5712
-6.0772,31.7586,87.6503,-91.5658
-6.0772,31.7588,87.6501,-91.6001
-6.1867,31.6970,87.5726,-91.5787
-6.1867,31.6973,87.5721,-91.6218
-6.2984,31.7122,87.5484,-91.6153
-6.2984,31.7123,87.5482,-91.6496
-6.4078,31.6500,87.4683,-91.6272
-6.4078,31.6503,87.4679,-91.6707
-6.5194,31.6657,87.4433,-91.6640
-6.5194,31.6658,87.4431,-91.6982
-6.6287,31.6059,87.3631,-91.6755
-6.6287,31.6062,87.3627,-91.7190
-6.7402,31.6221,87.3372,-91.7123
-6.7402,31.6222,87.3370,-91.7462
-6.8494,31.5617,87.2546,-91.7227
-6.8494,31.5620,87.2542,-91.7664
-6.9608,31.5039,87.1715,-91.7417
-6.9608,31.5042,87.1711,-91.7861
-7.0699,31.5207,87.1449,-91.7792
-7.0699,31.5208,87.1447,-91.8122
-7.1812,31.4621,87.0596,-91.7878
-7.1812,31.4624,87.0592,-91.8323
-7.2902,31.4794,87.0321,-91.8254
-7.2902,31.4795,87.0319,-91.8582
-7.4014,31.4232,86.9467,-91.8336
-7.4014,31.4236,86.9463,-91.8780
-7.5103,31.3661,86.8596,-91.8513
-7.5103,31.3664,86.8592,-91.8955
-7.6214,31.3846,86.8303,-91.8886
-7.6213,31.3847,86.8301,-91.9216
-7.7302,31.3296,86.7433,-91.8961
-7.7302,31.3299,86.7429,-91.9400
-7.8411,31.3486,86.7131,-91.9331
-7.8411,31.3488,86.7129,-91.9659
-7.9498,31.2931,86.6237,-91.9393
-7.9498,31.2934,86.6233,-91.9836
-8.0606,31.2402,86.5338,-91.9558
-8.0606,31.2405,86.5333,-92.0006
-8.1692,31.2597,86.5029,-91.9936
-8.1692,31.2599,86.5027,-92.0254
-8.2799,31.2061,86.4108,-91.9980
-8.2799,31.2065,86.4103,-92.0430
-8.3884,31.1544,86.3193,-92.0143
-8.3883,31.1547,86.3189,-92.0586
-8.4989,31.1023,86.2252,-92.0292
-8.4989,31.1026,86.2247,-92.0743
-8.6073,31.1229,86.1926,-92.0672
-8.6072,31.1231,86.1924,-92.0984
-8.7177,31.0730,86.0986,-92.0703
-8.7177,31.0733,86.0982,-92.1151
-8.8259,31.0220,86.0030,-92.0848
-8.8259,31.0223,86.0026,-92.1294
-8.9362,30.9735,85.9071,-92.0992
-8.9362,30.9738,85.9066,-92.1441
-9.0443,30.9953,85.8729,-92.1370
-9.0443,30.9954,85.8726,-92.1677
-9.1545,30.9461,85.7746,-92.1379
-9.1545,30.9465,85.7742,-92.1831
-9.2625,30.8988,85.6772,-92.1520
-9.2624,30.8991,85.6768,-92.1964
-9.3725,30.8511,85.5770,-92.1646
-9.3725,30.8514,85.5766,-92.2098
-9.4803,30.8050,85.4779,-92.1781
-9.4803,30.8053,85.4775,-92.2225
-9.5902,30.7586,85.3760,-92.1901
-9.5902,30.7590,85.3755,-92.2352
-9.6979,30.7138,85.2752,-92.2030
-9.6979,30.7142,85.2747,-92.2473
-9.8077,30.6688,85.1715,-92.2143
-9.8076,30.6691,85.1710,-92.2594
-9.9152,30.6253,85.0690,-92.2266
-9.9152,30.6256,85.0685,-92.2708
-10.0248,30.5815,84.9635,-92.2372
-10.0248,30.5818,84.9631,-92.2823
-10.1322,30.5393,84.8593,-92.2489
-10.1322,30.5396,84.8589,-92.2930
-10.2417,30.4968,84.7521,-92.2589
-10.2417,30.4972,84.7517,-92.3039
-10.3489,30.4559,84.6462,-92.2699
-10.3489,30.4562,84.6457,-92.3140
-10.4583,30.4148,84.5372,-92.2793
-10.4582,30.4151,84.5368,-92.3242
-10.5654,30.3752,84.4296,-92.2897
-10.5653,30.3755,84.4291,-92.3337
-10.6745,30.3354,84.3189,-92.2984
-10.6745,30.3357,84.3184,-92.3432
-10.7815,30.2971,84.2095,-92.3081
-10.7814,30.2974,84.2090,-92.3521
-10.8905,30.2586,84.0970,-92.3162
-10.8905,30.2590,84.0966,-92.3609
-10.8905,30.1948,84.0274,-92.3284
-10.8905,30.1950,84.0271,-92.3451
-10.9973,30.1567,83.9146,-92.3117
-10.9973,30.1571,83.9142,-92.3554
-11.1061,30.1213,83.8014,-92.3196
-11.1061,30.1216,83.8009,-92.3637
-11.2128,30.0847,83.6867,-92.3271
-11.2127,30.0850,83.6862,-92.3710
-11.3215,30.0505,83.5717,-92.3345
-11.3214,30.0509,83.5712,-92.3786
-11.3214,29.9873,83.4984,-92.3447
-11.3214,29.9874,83.4982,-92.3622
-11.4280,29.9534,83.3832,-92.3281
-11.4279,29.9537,83.3827,-92.3712
-11.5365,29.9197,83.2645,-92.3337
-11.5364,29.9201,83.2641,-92.3778
-11.5364,29.8588,83.1914,-92.3440
-11.5364,29.8589,83.1911,-92.3615
-11.6428,29.8254,83.0725,-92.3261
-11.6428,29.8257,83.0720,-92.3693
-11.7512,29.7947,82.9531,-92.3319
-11.7511,29.7950,82.9526,-92.3754
-11.7511,29.7336,82.8771,-92.3406
-11.7511,29.7337,82.8769,-92.3586
-11.8573,29.7031,82.7575,-92.3232
-11.8573,29.7035,82.7571,-92.3659
-11.9655,29.6729,82.6344,-92.3273
-11.9655,29.6732,82.6340,-92.3709
-11.9655,29.6141,82.5586,-92.3363
-11.9655,29.6142,82.5584,-92.3542
-12.0715,29.5841,82.4353,-92.3176
-12.0715,29.5845,82.4349,-92.3603
-12.1795,29.5568,82.3115,-92.3218
-12.1795,29.5572,82.3110,-92.3648
-12.1795,29.4979,82.2328,-92.3292
-12.1795,29.4981,82.2326,-92.3477
-12.2853,29.4709,82.1088,-92.3111
-12.2853,29.4712,82.1084,-92.3532
-12.2853,29.4127,82.0293,-92.3175
-12.2853,29.4128,82.0291,-92.3360
-12.3932,29.3873,81.9030,-92.2990
-12.3931,29.3876,81.9026,-92.3414
-12.3931,29.3298,81.8226,-92.3054
-12.3931,29.3300,81.8223,-92.3241
-12.4988,29.3049,81.6959,-92.2869
-12.4988,29.3052,81.6954,-92.3286
-12.4988,29.2481,81.6145,-92.2925
-12.4988,29.2483,81.6143,-92.3112
-12.6065,29.2248,81.4856,-92.2737
-12.6064,29.2252,81.4851,-92.3156
-12.6064,29.1688,81.4033,-92.2792
-12.6064,29.1690,81.4031,-92.2981
-12.7120,29.1460,81.2739,-92.2603
-12.7119,29.1463,81.2735,-92.3016
-12.7119,29.0906,81.1908,-92.2651
-12.7119,29.0908,81.1905,-92.2841
-12.8194,29.0695,81.0591,-92.2459
-12.8194,29.0698,81.0586,-92.2874
-12.8194,29.0149,80.9750,-92.2507
-12.8194,29.0151,80.9748,-92.2698
-12.9247,28.9942,80.8430,-92.2313
-12.9247,28.9945,80.8425,-92.2722
-12.9247,28.9403,80.7580,-92.2353
-12.9247,28.9405,80.7577,-92.2545
-12.9247,28.8877,80.6744,-92.2199
-12.9247,28.8879,80.6742,-92.2386
-13.0320,28.8680,80.5379,-92.1992
-13.0320,28.8684,80.5374,-92.2405
-13.0320,28.8153,80.4515,-92.2033
-13.0320,28.8154,80.4513,-92.2226
-13.1371,28.7971,80.3163,-92.1836
-13.1371,28.7974,80.3158,-92.2239
-13.1371,28.7450,80.2290,-92.1866
-13.1371,28.7452,80.2287,-92.2060
-13.1371,28.6942,80.1431,-92.1709
-13.1371,28.6944,80.1429,-92.1898
-13.2443,28.6771,80.0034,-92.1498
-13.2442,28.6775,80.0029,-92.1905
-13.2442,28.6272,79.9164,-92.1537
-13.2442,28.6274,79.9162,-92.1728
-13.2442,28.5764,79.8275,-92.1368
-13.2442,28.5766,79.8273,-92.1561
-13.3492,28.5611,79.6886,-92.1166
-13.3492,28.5615,79.6882,-92.1561
-13.3492,28.5113,79.5985,-92.1185
-13.3492,28.5115,79.5983,-92.1381
-13.3492,28.4626,79.5100,-92.1025
-13.3492,28.4628,79.5098,-92.1216
-13.4561,28.4485,79.3665,-92.0810
-13.4561,28.4489,79.3660,-92.1209
-13.4561,28.4007,79.2768,-92.0838
-13.4561,28.4009,79.2765,-92.1030
-13.4561,28.3522,79.1851,-92.0666
-13.4561,28.3523,79.1848,-92.0861
-13.5609,28.3398,79.0425,-92.0460
-13.5608,28.3402,79.0420,-92.0848
-13.5608,28.2922,78.9496,-92.0468
-13.5608,28.2924,78.9494,-92.0665
-13.5608,28.2457,78.8583,-92.0305
-13.5608,28.2459,78.8581,-92.0498
-13.5608,28.1986,78.7647,-92.0130
-13.5608,28.1988,78.7645,-92.0327
-13.6676,28.1888,78.6188,-91.9922
-13.6676,28.1892,78.6183,-92.0308
-13.6676,28.1427,78.5240,-91.9927
-13.6676,28.1428,78.5237,-92.0125
-13.6676,28.0976,78.4308,-91.9762
-13.6676,28.0978,78.4306,-91.9955
-13.6676,28.0520,78.3354,-91.9586
-13.6676,28.0521,78.3351,-91.9783
-13.7722,28.0434,78.1881,-91.9376
-13.7721,28.0437,78.1876,-91.9754
-13.7721,27.9987,78.0915,-91.9370
-13.7721,27.9989,78.0912,-91.9569
-13.7721,27.9551,77.9964,-91.9204
-13.7721,27.9553,77.9962,-91.9398
-13.7721,27.9110,77.8991,-91.9026
-13.7721,27.9111,77.8989,-91.9224
-13.7721,27.8681,77.8032,-91.8859
-13.7721,27.8682,77.8029,-91.9053
-13.7721,27.8246,77.7049,-91.8681
-13.7721,27.8248,77.7046,-91.8879
-13.8787,27.8195,77.5532,-91.8469
-13.8787,27.8198,77.5527,-91.8841
-13.8787,27.7770,77.4536,-91.8457
-13.8787,27.7772,77.4534,-91.8656
-13.8787,27.7356,77.3558,-91.8288
-13.8787,27.7358,77.3556,-91.8483
-13.8787,27.6937,77.2556,-91.8109
-13.8787,27.6939,77.2554,-91.8307
-13.8787,27.6530,77.1569,-91.7940
-13.8787,27.6532,77.1566,-91.8135
-13.8787,27.6118,77.0557,-91.7760
-13.8787,27.6120,77.0555,-91.7958
-13.8787,27.5718,76.9560,-91.7591
-13.8787,27.5720,76.9558,-91.7785
-13.9831,27.5682,76.7995,-91.7367
-13.9831,27.5686,76.7990,-91.7729
-13.9831,27.5292,76.6986,-91.7351
-13.9831,27.5294,76.6984,-91.7547
-13.9831,27.4896,76.5955,-91.7170
-13.9831,27.4897,76.5953,-91.7369
-13.9831,27.4511,76.4939,-91.6999
-13.9831,27.4512,76.4937,-91.7194
-13.9831,27.4121,76.3898,-91.6818
-13.9831,27.4123,76.3896,-91.7017
-13.9831,27.3744,76.2873,-91.6647
-13.9831,27.3746,76.2871,-91.6842
-13.9831,27.3362,76.1822,-91.6465
-13.9831,27.3364,76.1820,-91.6664
-13.9831,27.2992,76.0787,-91.6294
-13.9831,27.2994,76.0785,-91.6489
-13.9831,27.2618,75.9727,-91.6112
-13.9831,27.2620,75.9725,-91.6311
-13.9831,27.2255,75.8683,-91.5941
-13.9831,27.2257,75.8680,-91.6135
-13.9831,27.1888,75.7612,-91.5759
-13.9831,27.1890,75.7610,-91.5957
-13.9831,27.1532,75.6558,-91.5588
-13.9831,27.1534,75.6556,-91.5782
-13.9831,27.1173,75.5478,-91.5405
-13.9831,27.1175,75.5476,-91.5603
-13.9831,27.0825,75.4415,-91.5234
-13.9831,27.0827,75.4412,-91.5428
-13.9831,27.0474,75.3325,-91.5051
-13.9831,27.0476,75.3322,-91.5249
-13.9831,27.0133,75.2251,-91.4880
-13.9831,27.0135,75.2249,-91.5073
-13.9831,26.9789,75.1152,-91.4697
-13.9831,26.9791,75.1149,-91.4894
-13.9831,26.9456,75.0068,-91.4525
-13.9831,26.9458,75.0066,-91.4718
-13.9831,26.9119,74.8959,-91.4342
-13.9831,26.9121,74.8956,-91.4539
-13.9831,26.8794,74.7866,-91.4170
-13.9831,26.8795,74.7863,-91.4363
-13.9831,26.8465,74.6746,-91.3987
-13.9831,26.8467,74.6743,-91.4184
-13.9831,26.8147,74.5643,-91.3814
-13.9831,26.8149,74.5641,-91.4008
-13.9831,26.7826,74.4513,-91.3631
-13.9831,26.7828,74.4511,-91.3828
-13.9831,26.7515,74.3401,-91.3459
-13.9831,26.7517,74.3398,-91.3652
-13.9831,26.7202,74.2261,-91.3275
-13.9831,26.7204,74.2258,-91.3472
-13.9831,26.6899,74.1138,-91.3102
-13.9831,26.6901,74.1135,-91.3295
-13.9831,26.6593,73.9988,-91.2919
-13.9831,26.6595,73.9985,-91.3115
-13.8787,26.5916,73.9410,-91.2790
-13.8787,26.5919,73.9406,-91.2857
-13.8787,26.5619,73.8249,-91.2488
-13.8787,26.5621,73.8246,-91.2683
-13.8787,26.5330,73.7106,-91.2316
-13.8787,26.5332,73.7104,-91.2507
-13.8787,26.5040,73.5936,-91.2133
-13.8787,26.5042,73.5933,-91.2328
-13.8787,26.4759,73.4784,-91.1961
-13.8787,26.4761,73.4781,-91.2152
-13.8787,26.4477,73.3603,-91.1778
-13.8787,26.4479,73.3600,-91.1973
-13.8787,26.4204,73.2440,-91.1606
-13.8787,26.4206,73.2438,-91.1797
-13.8787,26.3929,73.1250,-91.1423
-13.8787,26.3931,73.1247,-91.1617
-13.7722,26.3274,73.0641,-91.1294
-13.7721,26.3277,73.0637,-91.1369
-13.7721,26.3008,72.9438,-91.1002
-13.7721,26.3010,72.9436,-91.1195
-13.7721,26.2750,72.8256,-91.0830
-13.7721,26.2752,72.8253,-91.1020
-13.7721,26.2491,72.7044,-91.0648
-13.7721,26.2493,72.7041,-91.0841
-13.7721,26.2241,72.5851,-91.0476
-13.7721,26.2243,72.5849,-91.0666
-13.6676,26.1609,72.5180,-91.0336
-13.6676,26.1612,72.5175,-91.0423
-13.6676,26.1367,72.3975,-91.0065
-13.6676,26.1369,72.3972,-91.0252
-13.6676,26.1124,72.2743,-90.9883
-13.6676,26.1126,72.2740,-91.0074
-13.6676,26.0889,72.1529,-90.9712
-13.6676,26.0891,72.1527,-90.9900
-13.5609,26.0266,72.0845,-90.9572
-13.5608,26.0269,72.0840,-90.9662
-13.5608,26.0040,71.9619,-90.9306
-13.5608,26.0042,71.9617,-90.9492
-13.5608,25.9812,71.8366,-90.9125
-13.5608,25.9814,71.8363,-90.9315
-13.5608,25.9593,71.7132,-90.8955
-13.5608,25.9594,71.7129,-90.9141
-13.4561,25.8994,71.6412,-90.8815
-13.4561,25.8997,71.6408,-90.8911
-13.4561,25.8784,71.5166,-90.8557
-13.4561,25.8786,71.5163,-90.8741
-13.4561,25.8572,71.3892,-90.8377
-13.4561,25.8574,71.3889,-90.8565
-13.4561,25.8368,71.2637,-90.8208
-13.4561,25.8370,71.2634,-90.8392
-13.3492,25.7779,71.1904,-90.8068
-13.3492,25.7783,71.1899,-90.8167
-13.3492,25.7584,71.0636,-90.7815
-13.3492,25.7586,71.0634,-90.7998
-13.3492,25.7388,70.9340,-90.7636
-13.3492,25.7390,70.9338,-90.7823
-13.2443,25.6825,70.8602,-90.7507
-13.2442,25.6828,70.8598,-90.7606
-13.2442,25.6638,70.7294,-90.7250
-13.2442,25.6640,70.7291,-90.7435
-13.2442,25.6458,70.6007,-90.7082
-13.2442,25.6460,70.6005,-90.7264
-13.1372,25.5897,70.5235,-90.6943
-13.1371,25.5900,70.5230,-90.7048
-13.1371,25.5726,70.3936,-90.6701
-13.1371,25.5728,70.3933,-90.6881
-13.0320,25.5183,70.3138,-90.6561
-13.0320,25.5186,70.3134,-90.6669
-13.0320,25.5019,70.1829,-90.6324
-13.0320,25.5021,70.1826,-90.6503
-13.0320,25.4855,70.0490,-90.6149
-13.0320,25.4857,70.0487,-90.6331
-12.9247,25.4322,69.9709,-90.6021
-12.9247,25.4325,69.9704,-90.6127
-12.9247,25.4167,69.8357,-90.5777
-12.9247,25.4169,69.8354,-90.5958
-12.9247,25.4015,69.7001,-90.5606
-12.9247,25.4017,69.6998,-90.5787
-12.8194,25.3504,69.6190,-90.5478
-12.8194,25.3507,69.6185,-90.5588
-12.8194,25.3361,69.4821,-90.5241
-12.8194,25.3363,69.4818,-90.5420
-12.7120,25.2852,69.4006,-90.5114
-12.7119,25.2855,69.4001,-90.5225
-12.7119,25.2718,69.2626,-90.4880
-12.7119,25.2720,69.2623,-90.5057
-12.6065,25.2227,69.1786,-90.4752
-12.6064,25.2230,69.1781,-90.4866
-12.6064,25.2100,69.0395,-90.4524
-12.6064,25.2102,69.0392,-90.4700
-12.4988,25.1612,68.9550,-90.4397
-12.4988,25.1615,68.9546,-90.4512
-12.4988,25.1494,68.8148,-90.4172
-12.4988,25.1496,68.8145,-90.4346
-12.3932,25.1024,68.7278,-90.4045
-12.3931,25.1027,68.7274,-90.4162
-12.3931,25.0914,68.5865,-90.3825
-12.3931,25.0916,68.5862,-90.3998
-12.2853,25.0447,68.4991,-90.3699
-12.2853,25.0450,68.4986,-90.3817
-12.1795,24.9992,68.4067,-90.3514
-12.1795,24.9996,68.4062,-90.3637
-12.1795,24.9897,68.2664,-90.3311
-12.1795,24.9899,68.2661,-90.3478
-12.0715,24.9445,68.1737,-90.3177
-12.0715,24.9448,68.1732,-90.3300
-12.0715,24.9358,68.0323,-90.2976
-12.0715,24.9360,68.0320,-90.3142
-11.9655,24.8924,67.9371,-90.2842
-11.9655,24.8927,67.9366,-90.2968
-11.8573,24.8492,67.8446,-90.2678
-11.8573,24.8496,67.8441,-90.2800
-11.8573,24.8416,67.6986,-90.2475
-11.8573,24.8418,67.6983,-90.2641
-11.7512,24.8001,67.6037,-90.2352
-11.7511,24.8004,67.6033,-90.2476
-11.6428,24.7585,67.5058,-90.2184
-11.6428,24.7589,67.5053,-90.2311
-11.6428,24.7523,67.3610,-90.1997
-11.6428,24.7525,67.3607,-90.2157
-11.5365,24.7124,67.2607,-90.1866
-11.5364,24.7127,67.2602,-90.1995
-11.4280,24.6728,67.1631,-90.1713
-11.4279,24.6731,67.1627,-90.1839
-11.4279,24.6677,67.0137,-90.1525
-11.4279,24.6679,67.0134,-90.1685
-11.3215,24.6297,66.9138,-90.1404
-11.3214,24.6300,66.9133,-90.1532
-11.2128,24.5918,66.8107,-90.1248
-11.2127,24.5921,66.8102,-90.1379
-11.1061,24.5553,66.7087,-90.1102
-11.1061,24.5556,66.7082,-90.1231
-11.1061,24.5519,66.5569,-90.0924
-11.1061,24.5521,66.5565,-90.1080
-10.9973,24.5157,66.4543,-90.0806
-10.9973,24.5161,66.4538,-90.0936
-10.8905,24.4810,66.3467,-90.0657
-10.8905,24.4813,66.3462,-90.0791
-10.7815,24.4464,66.2420,-90.0521
-10.7814,24.4467,66.2415,-90.0651
-10.6745,24.4131,66.1324,-90.0377
-10.6745,24.4134,66.1319,-90.0511
-10.6745,24.4118,65.9806,-90.0221
-10.6745,24.4120,65.9803,-90.0369
-10.5654,24.3789,65.8704,-90.0097
-10.5653,24.3792,65.8699,-90.0232
-10.4583,24.3474,65.7612,-89.9968
-10.4582,24.3478,65.7607,-90.0101
-10.3489,24.3160,65.6488,-89.9834
-10.3489,24.3164,65.6482,-89.9970
-10.2417,24.2860,65.5375,-89.9710
-10.2417,24.2864,65.5370,-89.9843
-10.1322,24.2561,65.4230,-89.9581
-10.1322,24.2565,65.4225,-89.9717
-10.0248,24.2275,65.3097,-89.9462
-10.0248,24.2279,65.3092,-89.9596
-9.9152,24.1991,65.1931,-89.9338
-9.9152,24.1994,65.1926,-89.9474
-9.8077,24.1719,65.0778,-89.9224
-9.8076,24.1723,65.0772,-89.9358
-9.6979,24.1449,64.9591,-89.9104
-9.6979,24.1453,64.9585,-89.9241
-9.5902,24.1192,64.8416,-89.8995
-9.5902,24.1196,64.8411,-89.9130
-9.4803,24.0937,64.7208,-89.8881
-9.4803,24.0941,64.7203,-89.9018
-9.3725,24.0695,64.6013,-89.8777
-9.3725,24.0698,64.6008,-89.8912
-9.2625,24.0414,64.6407,-89.8929
-9.2624,24.0416,64.6405,-89.8932
-9.1545,24.0180,64.5169,-89.8692
-9.1545,24.0184,64.5163,-89.8828
-9.0443,23.9950,64.3956,-89.8595
-9.0443,23.9954,64.3951,-89.8728
-8.9362,23.9734,64.2693,-89.8492
-8.9362,23.9737,64.2688,-89.8628
-8.8259,23.9518,64.1459,-89.8399
-8.8259,23.9522,64.1454,-89.8533
-8.7177,23.9258,64.1824,-89.8548
-8.7177,23.9260,64.1821,-89.8558
-8.6073,23.9052,64.0545,-89.8330
-8.6072,23.9056,64.0540,-89.8466
-8.4989,23.8860,63.9278,-89.8244
-8.4989,23.8864,63.9273,-89.8376
-8.3884,23.8672,63.7975,-89.8152
-8.3883,23.8676,63.7970,-89.8288
-8.2799,23.8424,63.8322,-89.8302
-8.2799,23.8426,63.8320,-89.8317
-8.1692,23.8243,63.7039,-89.8103
-8.1692,23.8247,63.7034,-89.8236
-8.0606,23.8078,63.5703,-89.8019
-8.0606,23.8082,63.5697,-89.8153
-7.9498,23.7835,63.6043,-89.8166
-7.9498,23.7837,63.6041,-89.8185
-7.8411,23.7677,63.4728,-89.7979
-7.8411,23.7681,63.4722,-89.8109
-7.7302,23.7525,63.3372,-89.7901
-7.7302,23.7529,63.3366,-89.8034
-7.6214,23.7297,63.3691,-89.8046
-7.6213,23.7298,63.3689,-89.8067
-7.5103,23.7152,63.2356,-89.7869
-7.5103,23.7156,63.2351,-89.7999
-7.4014,23.7024,63.0967,-89.7798
-7.4014,23.7028,63.0962,-89.7930
-7.2902,23.6801,63.1280,-89.7941
-7.2902,23.6802,63.1278,-89.7966
-7.1812,23.6679,62.9912,-89.7775
-7.1812,23.6683,62.9906,-89.7904
-7.0699,23.6462,63.0216,-89.7914
-7.0699,23.6464,63.0213,-89.7941
-6.9608,23.6353,62.8799,-89.7751
-6.9608,23.6357,62.8793,-89.7881
-6.8494,23.6249,62.7407,-89.7697
-6.8494,23.6253,62.7401,-89.7825
-6.7402,23.6046,62.7691,-89.7834
-6.7402,23.6047,62.7688,-89.7864
-6.6287,23.5952,62.6253,-89.7682
-6.6287,23.5956,62.6247,-89.7811
-6.5194,23.5755,62.6527,-89.7820
-6.5194,23.5757,62.6525,-89.7851
-6.4078,23.5670,62.5107,-89.7679
-6.4078,23.5674,62.5101,-89.7804
-6.2984,23.5480,62.5373,-89.7812
-6.2984,23.5482,62.5370,-89.7845
-6.1867,23.5409,62.3903,-89.7675
-6.1867,23.5413,62.3897,-89.7801
-6.0772,23.5225,62.4159,-89.7808
-6.0772,23.5227,62.4157,-89.7843
-5.9654,23.5162,62.2707,-89.7681
-5.9654,23.5166,62.2701,-89.7804
-5.8536,23.4982,62.2960,-89.7811
-5.8536,23.4983,62.2957,-89.7849
-5.7440,23.4806,62.3205,-89.7856
-5.7439,23.4807,62.3203,-89.7893
-5.6321,23.4760,62.1699,-89.7736
-5.6320,23.4764,62.1693,-89.7858
-5.5223,23.4593,62.1932,-89.7864
-5.5223,23.4595,62.1929,-89.7902
-5.4103,23.4424,62.2168,-89.7909
-5.4103,23.4425,62.2166,-89.7948
-5.3005,23.4393,62.0671,-89.7803
-5.3005,23.4397,62.0665,-89.7919
-5.1885,23.4233,62.0894,-89.7925
-5.1884,23.4235,62.0892,-89.7966
-5.0786,23.4217,61.9346,-89.7823
-5.0785,23.4221,61.9340,-89.7940
-4.9664,23.4063,61.9560,-89.7945
-4.9664,23.4065,61.9558,-89.7988
-4.8564,23.3914,61.9769,-89.7993
-4.8564,23.3915,61.9766,-89.8035
-4.7442,23.3906,61.8239,-89.7904
-4.7442,23.3910,61.8233,-89.8017
-4.6342,23.3765,61.8435,-89.8021
-4.6342,23.3767,61.8432,-89.8065
-4.5219,23.3623,61.8633,-89.8069
-4.5219,23.3625,61.8631,-89.8114
-4.4118,23.3636,61.7044,-89.7989
-4.4118,23.3640,61.7038,-89.8100
-4.2994,23.3503,61.7229,-89.8103
-4.2994,23.3505,61.7227,-89.8150
-4.1892,23.3374,61.7410,-89.8153
-4.1892,23.3375,61.7407,-89.8199
-4.0768,23.3395,61.5838,-89.8085
-4.0768,23.3400,61.5832,-89.8192
-3.9666,23.3275,61.6006,-89.8195
-3.9666,23.3277,61.6003,-89.8243
-3.8541,23.3153,61.6176,-89.8246
-3.8541,23.3155,61.6173,-89.8294
-3.7438,23.3037,61.6337,-89.8297
-3.7438,23.3039,61.6335,-89.8345
-3.6312,23.3081,61.4704,-89.8240
-3.6312,23.3085,61.4698,-89.8344
-3.5209,23.2974,61.4853,-89.8346
-3.5209,23.2976,61.4851,-89.8396
-3.4083,23.2866,61.5004,-89.8398
-3.4083,23.2868,61.5001,-89.8448
-3.2979,23.2923,61.3382,-89.8354
-3.2979,23.2927,61.3376,-89.8454
-3.1852,23.2824,61.3519,-89.8455
-3.1852,23.2826,61.3517,-89.8507
-3.0748,23.2729,61.3653,-89.8509
-3.0748,23.2730,61.3650,-89.8560
-2.9621,23.2635,61.3784,-89.8562
-2.9621,23.2636,61.3782,-89.8614
-2.8516,23.2546,61.3908,-89.8615
-2.8516,23.2547,61.3906,-89.8666
-2.7388,23.2626,61.2223,-89.8586
-2.7388,23.2630,61.2217,-89.8681
-2.6283,23.2546,61.2334,-89.8682
-2.6283,23.2548,61.2331,-89.8735
-2.5155,23.2466,61.2446,-89.8736
-2.5155,23.2468,61.2443,-89.8790
-2.4049,23.2391,61.2551,-89.8791
-2.4049,23.2392,61.2548,-89.8844
-2.2921,23.2317,61.2653,-89.8845
-2.2921,23.2319,61.2651,-89.8898
-2.1815,23.2249,61.2748,-89.8899
-2.1815,23.2251,61.2746,-89.8952
-2.0687,23.2351,61.1063,-89.8891
-2.0686,23.2356,61.1057,-89.8978
-1.9580,23.2292,61.1145,-89.8978
-1.9580,23.2294,61.1143,-89.9033
-1.8451,23.2233,61.1228,-89.9033
-1.8451,23.2234,61.1226,-89.9089
-1.7344,23.2178,61.1304,-89.9090
-1.7344,23.2180,61.1302,-89.9144
-1.6215,23.2125,61.1378,-89.9144
-1.6215,23.2127,61.1375,-89.9200
-1.5108,23.2077,61.1444,-89.9200
-1.5108,23.2079,61.1442,-89.9255
-1.3979,23.2032,61.1508,-89.9255
-1.3979,23.2034,61.1505,-89.9311
-1.2872,23.2168,60.9744,-89.9271
-1.2872,23.2172,60.9738,-89.9347
-1.1742,23.2132,60.9794,-89.9347
-1.1742,23.2134,60.9792,-89.9405
-1.0635,23.2098,60.9842,-89.9405
-1.0635,23.2099,60.9840,-89.9461
-0.9505,23.2066,60.9886,-89.9461
-0.9505,23.2068,60.9884,-89.9518
-0.8397,23.2039,60.9924,-89.9518
-0.8397,23.2040,60.9922,-89.9575
-0.7267,23.2014,60.9959,-89.9574
-0.7267,23.2016,60.9956,-89.9632
-0.6160,23.1994,60.9987,-89.9632
-0.6160,23.1995,60.9985,-89.9688
-0.5030,23.1976,61.0012,-89.9688
-0.5030,23.1978,61.0009,-89.9745
-0.3922,23.1962,61.0031,-89.9745
-0.3922,23.1964,61.0028,-89.9802
-0.2792,23.1952,61.0045,-89.9801
-0.2792,23.1953,61.0043,-89.9859
-0.1684,23.1945,61.0055,-89.9859
-0.1684,23.1947,61.0053,-89.9915
-0.0554,23.1941,61.0060,-89.9915
-0.0554,23.1943,61.0057,-89.9972
0.0554,23.1941,61.0060,-89.9972
0.0554,23.1943,61.0057,-90.0028
0.1684,23.1945,61.0055,-90.0028
0.1684,23.1947,61.0053,-90.0086
0.2792,23.1952,61.0045,-90.0085
0.2792,23.1953,61.0043,-90.0142
0.3922,23.1962,61.0031,-90.0141
0.3922,23.1964,61.0028,-90.0199
0.5030,23.1976,61.0012,-90.0199
0.5030,23.1978,61.0009,-90.0255
0.6160,23.1993,60.9987,-90.0255
0.6160,23.1995,60.9985,-90.0312
0.7267,23.2014,60.9958,-90.0312
0.7267,23.2016,60.9956,-90.0369
0.8397,23.2039,60.9924,-90.0368
0.8397,23.2040,60.9922,-90.0426
0.9505,23.2066,60.9886,-90.0426
0.9505,23.2068,60.9884,-90.0482
1.0635,23.2098,60.9842,-90.0482
1.0635,23.2099,60.9840,-90.0540
1.1742,23.2132,60.9794,-90.0540
1.1742,23.2134,60.9792,-90.0596
