6.9117,16.9689,83.5764,158.5971
19.6854,10.5700,74.4649,161.2789
19.6855,10.5700,74.4649,161.2789
19.6843,10.6252,74.5456,161.2875
19.6831,10.6810,74.6259,161.2960
19.6819,10.7388,74.7083,161.3048
19.6807,10.7952,74.7881,161.3132
19.6794,10.8521,74.8675,161.3217
19.6782,10.9110,74.9492,161.3304
19.6770,10.9685,75.0281,161.3388
19.6757,11.0264,75.1068,161.3471
19.6744,11.0865,75.1876,161.3557
19.6731,11.1451,75.2657,161.3641
19.6719,11.2041,75.3436,161.3724
19.6706,11.2652,75.4236,161.3809
19.6693,11.3250,75.5009,161.3891
19.6680,11.3850,75.5780,161.3974
19.6666,11.4473,75.6571,161.4058
19.6653,11.5081,75.7337,161.4140
19.6639,11.5692,75.8099,161.4222
19.6626,11.6326,75.8882,161.4305
19.6612,11.6945,75.9639,161.4387
19.6599,11.7567,76.0394,161.4467
19.6584,11.8211,76.1168,161.4550
19.6571,11.8841,76.1917,161.4631
19.6557,11.9474,76.2664,161.4711
19.6543,12.0130,76.3430,161.4793
19.6528,12.0770,76.4170,161.4873
19.6514,12.1413,76.4908,161.4952
19.6500,12.2080,76.5666,161.5033
19.6485,12.2731,76.6398,161.5112
19.6471,12.3385,76.7128,161.5191
19.6456,12.4063,76.7877,161.5272
19.6442,12.4725,76.8601,161.5350
19.6427,12.5390,76.9323,161.5427
19.6412,12.6078,77.0063,161.5507
19.6397,12.6751,77.0779,161.5585
19.6382,12.7426,77.1492,161.5662
19.6367,12.8126,77.2224,161.5741
19.6352,12.8809,77.2932,161.5817
19.6337,12.9495,77.3636,161.5894
19.6321,13.0206,77.4360,161.5972
19.6306,13.0899,77.5059,161.6048
19.6291,13.1596,77.5755,161.6123
19.6275,13.2317,77.6469,161.6201
19.6259,13.3021,77.7160,161.6276
19.6244,13.3729,77.7848,161.6351
19.6228,13.4461,77.8553,161.6428
19.6212,13.5175,77.9235,161.6502
19.6196,13.5893,77.9915,161.6576
19.6180,13.6636,78.0611,161.6652
19.6164,13.7361,78.1285,161.6725
19.6148,13.8090,78.1956,161.6798
19.6131,13.8844,78.2644,161.6874
19.6115,13.9579,78.3309,161.6946
19.6099,14.0318,78.3971,161.7019
19.6082,14.1083,78.4650,161.7093
19.6066,14.1829,78.5306,161.7165
19.6050,14.2578,78.5959,161.7237
19.6033,14.3353,78.6630,161.7310
19.6016,14.4109,78.7277,161.7381
19.6000,14.4869,78.7922,161.7452
19.5982,14.5655,78.8583,161.7525
19.5966,14.6422,78.9222,161.7595
19.5949,14.7192,78.9858,161.7665
19.5932,14.7989,79.0510,161.7737
19.5915,14.8766,79.1140,161.7807
19.5898,14.9546,79.1767,161.7876
19.5880,15.0353,79.2410,161.7947
19.5863,15.1140,79.3032,161.8016
19.5846,15.1931,79.3650,161.8084
19.5828,15.2749,79.4284,161.8155
19.5811,15.3546,79.4896,161.8222
19.5794,15.4347,79.5506,161.8290
19.5776,15.5176,79.6130,161.8360
19.5758,15.5983,79.6734,161.8427
19.5741,15.6794,79.7334,161.8493
19.5723,15.7633,79.7950,161.8562
19.5705,15.8451,79.8544,161.8628
19.5687,15.9272,79.9136,161.8694
19.5669,16.0121,79.9742,161.8762
19.5651,16.0949,80.0328,161.8828
19.5633,16.1781,80.0910,161.8893
19.5615,16.2640,80.1507,161.8960
19.5597,16.3478,80.2084,161.9024
19.5579,16.4320,80.2657,161.9089
19.5560,16.5190,80.3245,161.9155
19.5542,16.6038,80.3812,161.9219
19.5524,16.6889,80.4376,161.9282
19.5505,16.7770,80.4955,161.9348
19.5487,16.8628,80.5513,161.9411
19.5468,16.9489,80.6068,161.9473
19.5450,17.0379,80.6637,161.9538
19.5431,17.1247,80.7186,161.9600
19.5413,17.2119,80.7732,161.9662
19.5393,17.3019,80.8291,161.9725
19.5375,17.3897,80.8831,161.9787
19.5356,17.4778,80.9368,161.9848
19.5337,17.5689,80.9917,161.9910
19.5318,17.6577,81.0448,161.9971
19.5299,17.7468,81.0975,162.0031
19.5280,17.8389,81.1516,162.0093
19.5261,17.9286,81.2037,162.0153
19.5242,18.0187,81.2555,162.0212
19.5223,18.1118,81.3085,162.0273
19.5203,18.2025,81.3597,162.0332
19.5184,18.2935,81.4106,162.0390
19.5165,18.3876,81.4627,162.0451
19.5145,18.4793,81.5129,162.0509
19.5126,18.5713,81.5628,162.0566
19.5106,18.6664,81.6140,162.0625
19.5087,18.7591,81.6632,162.0683
19.5068,18.8520,81.7122,162.0739
19.5048,18.9481,81.7624,162.0798
19.5028,19.0417,81.8107,162.0854
19.5009,19.1356,81.8587,162.0910
19.4988,19.2327,81.9079,162.0968
19.4969,19.3272,81.9553,162.1023
19.4949,19.4221,82.0024,162.1078
19.4929,19.5201,82.0505,162.1135
19.4909,19.6156,82.0970,162.1189
19.4889,19.7114,82.1431,162.1244
19.4869,19.8104,82.1903,162.1299
19.4849,19.9068,82.2357,162.1353
19.4829,20.0035,82.2809,162.1407
19.4809,20.1035,82.3271,162.1461
19.4789,20.2009,82.3716,162.1514
19.4769,20.2985,82.4158,162.1567
19.4748,20.3994,82.4610,162.1621
19.4728,20.4977,82.5045,162.1673
19.4708,20.5963,82.5477,162.1724
19.4687,20.6982,82.5919,162.1777
19.4666,20.7974,82.6344,162.1829
19.4646,20.8969,82.6767,162.1879
19.4625,20.9997,82.7199,162.1932
19.4605,21.0998,82.7614,162.1982
19.4584,21.2002,82.8027,162.2032
19.4563,21.3039,82.8449,162.2083
19.4543,21.4049,82.8854,162.2132
19.4522,21.5062,82.9257,162.2182
19.4501,21.6109,82.9669,162.2232
19.4480,21.7128,83.0065,162.2280
19.4460,21.8150,83.0458,162.2329
19.4438,21.9206,83.0859,162.2378
19.4418,22.0234,83.1245,162.2426
19.4397,22.1265,83.1628,162.2473
19.4375,22.2330,83.2019,162.2522
19.4354,22.3367,83.2395,162.2568
19.4333,22.4406,83.2768,162.2615
19.4312,22.5480,83.3149,162.2663
19.4291,22.6526,83.3516,162.2708
19.4270,22.7574,83.3879,162.2754
19.4248,22.8657,83.4249,162.2801
19.4227,22.9711,83.4605,162.2846
19.4206,23.0768,83.4958,162.2891
19.4184,23.1860,83.5319,162.2936
19.4163,23.2923,83.5665,162.2980
19.4141,23.3989,83.6008,162.3024
19.4119,23.5089,83.6357,162.3069
19.4098,23.6161,83.6693,162.3112
19.4077,23.7235,83.7026,162.3155
19.4054,23.8344,83.7366,162.3199
19.4033,23.9424,83.7692,162.3242
19.4011,24.0507,83.8014,162.3284
19.3989,24.1625,83.8343,162.3327
19.3968,24.2713,83.8659,162.3368
19.3946,24.3804,83.8972,162.3410
19.3924,24.4930,83.9290,162.3452
19.3902,24.6027,83.9596,162.3492
19.3880,24.7126,83.9898,162.3533
19.3858,24.8261,84.0206,162.3574
19.3836,24.9366,84.0501,162.3613
19.3814,25.0473,84.0793,162.3653
19.3791,25.1617,84.1091,162.3693
19.3769,25.2729,84.1376,162.3732
19.3747,25.3845,84.1658,162.3771
19.3725,25.4997,84.1945,162.3810
19.3702,25.6117,84.2220,162.3848
19.3680,25.7241,84.2491,162.3885
19.3657,25.8401,84.2767,162.3924
19.3635,25.9530,84.3032,162.3961
19.3613,26.0661,84.3293,162.3998
19.3590,26.1829,84.3559,162.4035
19.3568,26.2966,84.3813,162.4071
19.3545,26.4105,84.4064,162.4107
19.3522,26.5281,84.4319,162.4144
19.3500,26.6426,84.4563,162.4179
19.3477,26.7573,84.4803,162.4214
19.3454,26.8757,84.5048,162.4250
19.3431,26.9909,84.5281,162.4284
19.3409,27.1064,84.5511,162.4318
19.3385,27.2256,84.5745,162.4353
19.3363,27.3416,84.5968,162.4386
19.3340,27.4578,84.6187,162.4419
19.3316,27.5778,84.6410,162.4453
19.3294,27.6945,84.6623,162.4486
19.3271,27.8115,84.6832,162.4518
19.3247,27.9322,84.7044,162.4551
19.3224,28.0497,84.7246,162.4582
19.3201,28.1674,84.7445,162.4614
19.3177,28.2889,84.7646,162.4646
19.3154,28.4072,84.7838,162.4677
19.3131,28.5256,84.8026,162.4707
19.3107,28.6479,84.8216,162.4738
19.3084,28.7668,84.8398,162.4768
19.3061,28.8860,84.8575,162.4797
19.3037,29.0090,84.8755,162.4828
19.3014,29.1286,84.8926,162.4856
19.2990,29.2485,84.9093,162.4885
19.2966,29.3723,84.9262,162.4914
19.2943,29.4926,84.9422,162.4942
19.2919,29.6132,84.9578,162.4970
19.2895,29.7377,84.9736,162.4998
19.2871,29.8588,84.9886,162.5025
19.1736,29.8370,85.0255,162.4730
19.0599,29.8155,85.0622,162.4433
18.9427,29.7936,85.0997,162.4127
18.8287,29.7725,85.1357,162.3829
18.7146,29.7517,85.1714,162.3530
18.5969,29.7305,85.2078,162.3221
18.4825,29.7102,85.2429,162.2920
18.3680,29.6901,85.2776,162.2618
18.2499,29.6696,85.3131,162.2307
18.1352,29.6500,85.3471,162.2003
18.0203,29.6305,85.3809,162.1699
17.9018,29.6108,85.4154,162.1385
17.7866,29.5918,85.4485,162.1079
17.6714,29.5731,85.4812,162.0773
17.5525,29.5541,85.5147,162.0456
17.4369,29.5358,85.5468,162.0148
17.3213,29.5178,85.5786,161.9839
17.2020,29.4995,85.6110,161.9520
17.0861,29.4819,85.6422,161.9209
16.9701,29.4646,85.6730,161.8898
16.8504,29.4470,85.7044,161.8576
16.7342,29.4302,85.7346,161.8263
16.6178,29.4136,85.7644,161.7950
16.4977,29.3967,85.7948,161.7626
16.3811,29.3806,85.8240,161.7310
16.2644,29.3647,85.8528,161.6994
16.1440,29.3485,85.8822,161.6668
16.0270,29.3331,85.9104,161.6350
15.9099,29.3179,85.9382,161.6031
15.7892,29.3024,85.9666,161.5702
15.6719,29.2877,85.9937,161.5382
15.5544,29.2732,86.0206,161.5062
15.4333,29.2585,86.0479,161.4730
15.3157,29.2445,86.0741,161.4408
15.1979,29.2307,86.1000,161.4085
15.0765,29.2167,86.1263,161.3751
14.9585,29.2034,86.1514,161.3427
14.8404,29.1903,86.1763,161.3102
14.7186,29.1770,86.2016,161.2766
14.6003,29.1644,86.2257,161.2439
14.4819,29.1520,86.2496,161.2111
14.3598,29.1395,86.2738,161.1773
14.2412,29.1276,86.2970,161.1444
14.1225,29.1159,86.3198,161.1115
14.0001,29.1041,86.3430,161.0774
13.8812,29.0929,86.3652,161.0443
13.7622,29.0820,86.3870,161.0111
13.6394,29.0709,86.4092,160.9769
13.5202,29.0604,86.4303,160.9435
13.4009,29.0501,86.4511,160.9101
13.2779,29.0398,86.4722,160.8756
13.1584,29.0300,86.4924,160.8421
13.0388,29.0205,86.5122,160.8085
12.9155,29.0109,86.5322,160.7738
12.7957,29.0018,86.5514,160.7401
12.6759,28.9929,86.5701,160.7063
12.5523,28.9840,86.5891,160.6713
12.4322,28.9757,86.6072,160.6374
12.3121,28.9675,86.6250,160.6034
12.1883,28.9594,86.6430,160.5683
12.0679,28.9517,86.6600,160.5341
11.9476,28.9443,86.6768,160.4999
11.8234,28.9369,86.6937,160.4646
11.7029,28.9299,86.7097,160.4303
11.5822,28.9232,86.7254,160.3959
11.4579,28.9165,86.7413,160.3603
11.3371,28.9103,86.7563,160.3258
11.2162,28.9042,86.7710,160.2912
11.0916,28.8983,86.7858,160.2555
10.9705,28.8927,86.7998,160.2208
10.8494,28.8874,86.8134,160.1860
10.7246,28.8822,86.8272,160.1501
10.6033,28.8774,86.8401,160.1152
10.4820,28.8728,86.8527,160.0802
10.3569,28.8683,86.8654,160.0441
10.2354,28.8641,86.8773,160.0090
10.1139,28.8603,86.8889,159.9739
9.9886,28.8565,86.9005,159.9376
9.8669,28.8531,86.9114,159.9024
9.7452,28.8499,86.9220,159.8670
9.6197,28.8468,86.9325,159.8306
9.4978,28.8441,86.9423,159.7952
9.3758,28.8417,86.9519,159.7597
9.2501,28.8394,86.9613,159.7230
9.1281,28.8374,86.9701,159.6874
9.0059,28.8356,86.9786,159.6518
8.8801,28.8340,86.9870,159.6150
8.7578,28.8327,86.9948,159.5792
8.6355,28.8317,87.0022,159.5434
8.5095,28.8308,87.0095,159.5064
8.3870,28.8302,87.0162,159.4705
8.2646,28.8299,87.0226,159.4345
8.1384,28.8298,87.0289,159.3974
8.0158,28.8299,87.0346,159.3613
7.8932,28.8302,87.0399,159.3251
7.7668,28.8308,87.0451,159.2879
7.6441,28.8317,87.0497,159.2516
7.5213,28.8327,87.0540,159.2153
7.3948,28.8341,87.0581,159.1779
7.2719,28.8356,87.0617,159.1415
7.1490,28.8374,87.0649,159.1051
7.0223,28.8394,87.0679,159.0675
6.8993,28.8417,87.0705,159.0309
6.7763,28.8442,87.0727,158.9944
6.6495,28.8469,87.0746,158.9566
6.5264,28.8499,87.0761,158.9200
6.4033,28.8531,87.0773,158.8832
6.2764,28.8566,87.0781,158.8454
6.1531,28.8602,87.0786,158.8086
6.0299,28.8641,87.0787,158.7717
5.9029,28.8684,87.0784,158.7337
5.7795,28.8727,87.0778,158.6968
5.6562,28.8773,87.0769,158.6598
5.5291,28.8823,87.0756,158.6216
5.4057,28.8873,87.0739,158.5846
5.2822,28.8926,87.0719,158.5475
5.1550,28.8983,87.0695,158.5092
5.0316,28.9041,87.0668,158.4720
4.9080,28.9101,87.0637,158.4348
4.7808,28.9165,87.0602,158.3964
4.6572,28.9229,87.0565,158.3591
4.5336,28.9296,87.0524,158.3218
4.4063,28.9368,87.0478,158.2832
4.2827,28.9439,87.0430,158.2458
4.1590,28.9513,87.0378,158.2084
4.0316,28.9592,87.0322,158.1698
3.9080,28.9670,87.0263,158.1322
3.7843,28.9751,87.0201,158.0947
3.6569,28.9837,87.0133,158.0559
3.5332,28.9923,87.0064,158.0183
3.4094,29.0011,86.9991,157.9806
3.2820,29.0103,86.9913,157.9418
3.1582,29.0196,86.9833,157.9041
3.0345,29.0291,86.9750,157.8663
2.9070,29.0391,86.9661,157.8274
2.7832,29.0491,86.9570,157.7896
2.6595,29.0592,86.9477,157.7517
2.5320,29.0700,86.9376,157.7127
2.4082,29.0806,86.9276,157.6748
2.2844,29.0915,86.9171,157.6368
2.1569,29.1030,86.9060,157.5977
2.0331,29.1143,86.8949,157.5597
1.9094,29.1259,86.8834,157.5217
1.7819,29.1380,86.8712,157.4825
1.6581,29.1501,86.8590,157.4444
1.5344,29.1623,86.8465,157.4063
1.4069,29.1752,86.8332,157.3670
1.2831,29.1879,86.8199,157.3288
1.1594,29.2009,86.8063,157.2906
1.0319,29.2145,86.7920,157.2513
0.9082,29.2279,86.7777,157.2131
0.7845,29.2416,86.7630,157.1748
0.6571,29.2559,86.7476,157.1354
0.5334,29.2700,86.7322,157.0971
0.4098,29.2843,86.7165,157.0587
0.2824,29.2993,86.7000,157.0192
0.1588,29.3141,86.6836,156.9809
0.0352,29.3291,86.6668,156.9425
-0.0921,29.3448,86.6492,156.9029
-0.2157,29.3603,86.6317,156.8645
-0.3392,29.3760,86.6139,156.8261
-0.4665,29.3925,86.5952,156.7864
-0.5900,29.4086,86.5767,156.7480
-0.7135,29.4250,86.5579,156.7095
-0.8406,29.4422,86.5381,156.6698
-0.9641,29.4590,86.5185,156.6313
-1.0874,29.4761,86.4986,156.5927
-1.2145,29.4939,86.4777,156.5530
-1.3379,29.5115,86.4571,156.5144
-1.4611,29.5292,86.4362,156.4758
-1.5881,29.5477,86.4142,156.4361
-1.7114,29.5660,86.3926,156.3974
-1.8346,29.5844,86.3705,156.3588
-1.9615,29.6036,86.3475,156.3190
-2.0846,29.6225,86.3248,156.2803
-2.2077,29.6417,86.3018,156.2417
-2.3344,29.6616,86.2777,156.2018
-2.4574,29.6812,86.2539,156.1631
-2.5804,29.7010,86.2298,156.1244
-2.7070,29.7216,86.2046,156.0846
-2.8299,29.7418,86.1798,156.0458
-2.9528,29.7623,86.1547,156.0071
-3.0793,29.7836,86.1284,155.9672
-3.2020,29.8045,86.1026,155.9285
-3.3247,29.8257,86.0764,155.8897
-3.4511,29.8477,86.0490,155.8498
-3.5737,29.8693,86.0222,155.8110
-3.6962,29.8911,85.9949,155.7723
-3.8224,29.9138,85.9665,155.7323
-3.9449,29.9361,85.9386,155.6935
-4.0673,29.9586,85.9103,155.6547
-4.1933,29.9820,85.8809,155.6148
-4.3156,30.0049,85.8519,155.5760
-4.4379,30.0281,85.8226,155.5372
-4.5637,30.0521,85.7920,155.4972
-4.6859,30.0758,85.7620,155.4584
-4.8079,30.0996,85.7317,155.4196
-4.9336,30.1243,85.7001,155.3796
-5.0555,30.1486,85.6690,155.3408
-5.1774,30.1731,85.6377,155.3020
-5.3029,30.1986,85.6050,155.2620
-5.4247,30.2235,85.5729,155.2232
-5.5464,30.2486,85.5405,155.1844
-5.6717,30.2748,85.5068,155.1444
-5.7932,30.3004,85.4737,155.1056
-5.9147,30.3262,85.4402,155.0668
-6.0398,30.3530,85.4054,155.0269
-6.1612,30.3793,85.3713,154.9881
-6.2824,30.4057,85.3368,154.9493
-6.4073,30.4332,85.3010,154.9093
-6.5285,30.4601,85.2658,154.8705
-6.5251,30.3381,85.2507,154.8666
-6.5218,30.2163,85.2352,154.8625
-6.5184,30.0947,85.2194,154.8585
-6.5152,29.9745,85.2034,154.8544
-6.5118,29.8509,85.1865,154.8502
-6.5085,29.7313,85.1698,154.8460
-6.5053,29.6118,85.1527,154.8418
-6.5019,29.4890,85.1347,154.8375
-6.4986,29.3700,85.1169,154.8332
-6.4954,29.2513,85.0988,154.8289
-6.4921,29.1291,85.0797,154.8243
-6.4888,29.0109,85.0609,154.8199
-6.4856,28.8929,85.0417,154.8155
-6.4823,28.7715,85.0215,154.8108
-6.4790,28.6539,85.0016,154.8063
-6.4758,28.5366,84.9813,154.8017
-6.4725,28.4160,84.9601,154.7969
-6.4693,28.2992,84.9391,154.7922
-6.4661,28.1826,84.9178,154.7875
-6.4628,28.0628,84.8954,154.7826
-6.4597,27.9467,84.8734,154.7778
-6.4565,27.8309,84.8510,154.7729
-6.4532,27.7118,84.8276,154.7678
-6.4500,27.5965,84.8045,154.7629
-6.4469,27.4814,84.7811,154.7579
-6.4436,27.3631,84.7566,154.7527
-6.4404,27.2485,84.7324,154.7476
-6.4373,27.1342,84.7080,154.7425
-6.4341,27.0167,84.6824,154.7372
-6.4309,26.9029,84.6572,154.7320
-6.4278,26.7894,84.6317,154.7267
-6.4246,26.6726,84.6050,154.7213
-6.4214,26.5596,84.5788,154.7159
-6.4183,26.4468,84.5522,154.7105
-6.4151,26.3309,84.5245,154.7049
-6.4120,26.2187,84.4972,154.6995
-6.4089,26.1067,84.4696,154.6939
-6.4057,25.9916,84.4408,154.6882
-6.4026,25.8801,84.4125,154.6826
-6.3995,25.7689,84.3838,154.6770
-6.3963,25.6547,84.3540,154.6711
-6.3933,25.5440,84.3246,154.6653
-6.3902,25.4336,84.2949,154.6596
-6.3870,25.3202,84.2640,154.6536
-6.3840,25.2103,84.2336,154.6477
-6.3809,25.1007,84.2029,154.6418
-6.3778,24.9881,84.1709,154.6356
-6.3747,24.8791,84.1394,154.6296
-6.3717,24.7704,84.1077,154.6236
-6.3685,24.6586,84.0746,154.6173
-6.3655,24.5504,84.0422,154.6112
-6.3625,24.4425,84.0094,154.6050
-6.3594,24.3315,83.9753,154.5986
-6.3564,24.2242,83.9418,154.5924
-6.3533,24.1171,83.9080,154.5860
-6.3502,24.0070,83.8729,154.5795
-6.3472,23.9005,83.8384,154.5731
-6.3442,23.7942,83.8036,154.5667
-6.3412,23.6851,83.7673,154.5600
-6.3382,23.5794,83.7318,154.5535
-6.3352,23.4740,83.6960,154.5469
-6.3321,23.3657,83.6587,154.5401
-6.3292,23.2609,83.6222,154.5335
-6.3262,23.1563,83.5854,154.5268
-6.3231,23.0489,83.5471,154.5198
-6.3202,22.9449,83.5095,154.5130
-6.3172,22.8413,83.4717,154.5062
-6.3142,22.7347,83.4323,154.4991
-6.3113,22.6317,83.3938,154.4922
-6.3083,22.5289,83.3549,154.4853
-6.3053,22.4232,83.3145,154.4781
-6.3024,22.3210,83.2750,154.4710
-6.2995,22.2191,83.2351,154.4640
-6.2965,22.1144,83.1937,154.4566
-6.2935,22.0131,83.1532,154.4494
-6.2906,21.9120,83.1123,154.4422
-6.2877,21.8082,83.0699,154.4348
-6.2848,21.7078,83.0284,154.4275
-6.2819,21.6077,82.9865,154.4201
-6.2789,21.5048,82.9430,154.4125
-6.2760,21.4053,82.9005,154.4051
-6.2732,21.3060,82.8577,154.3976
-6.2702,21.2041,82.8132,154.3899
-6.2673,21.1055,82.7697,154.3823
-6.2645,21.0071,82.7258,154.3748
-6.2615,20.9061,82.6804,154.3669
-6.2587,20.8084,82.6359,154.3592
-6.2559,20.7110,82.5910,154.3515
-6.2529,20.6110,82.5445,154.3435
-6.2501,20.5142,82.4991,154.3357
-6.2473,20.4177,82.4533,154.3278
-6.2444,20.3186,82.4058,154.3197
-6.2416,20.2227,82.3593,154.3118
-6.2388,20.1271,82.3125,154.3038
-6.2359,20.0290,82.2640,154.2956
-6.2331,19.9341,82.2166,154.2875
-6.2303,19.8394,82.1689,154.2794
-6.2274,19.7423,82.1194,154.2710
-6.2246,19.6483,82.0710,154.2628
-6.2219,19.5546,82.0223,154.2546
-6.2190,19.4584,81.9718,154.2461
-6.2163,19.3653,81.9224,154.2378
-6.2135,19.2726,81.8728,154.2294
-6.2107,19.1774,81.8213,154.2208
-6.2079,19.0853,81.7710,154.2123
-6.2052,18.9935,81.7204,154.2039
-6.2024,18.8992,81.6679,154.1951
-6.1996,18.8081,81.6166,154.1865
-6.1969,18.7173,81.5651,154.1779
-6.1941,18.6240,81.5116,154.1690
-6.1914,18.5338,81.4594,154.1604
-6.1887,18.4440,81.4069,154.1516
-6.1859,18.3517,81.3525,154.1426
-6.1833,18.2625,81.2993,154.1338
-6.1806,18.1736,81.2458,154.1250
-6.1778,18.0823,81.1904,154.1158
-6.1751,17.9941,81.1363,154.1069
-6.1725,17.9062,81.0820,154.0979
-6.1697,17.8159,81.0256,154.0886
-6.1671,17.7287,80.9706,154.0796
-6.1644,17.6417,80.9152,154.0705
-6.1617,17.5525,80.8579,154.0611
-6.1591,17.4662,80.8019,154.0519
-6.1565,17.3802,80.7457,154.0427
-6.1538,17.2920,80.6874,154.0332
-6.1512,17.2067,80.6305,154.0239
-6.1486,17.1218,80.5733,154.0146
-6.1459,17.0346,80.5141,154.0049
-6.1433,16.9503,80.4563,153.9955
-6.1407,16.8663,80.3982,153.9860
-6.1381,16.7801,80.3380,153.9763
-6.1355,16.6968,80.2793,153.9667
-6.1329,16.6139,80.2202,153.9571
-6.1303,16.5287,80.1591,153.9472
-6.1278,16.4464,80.0995,153.9376
-6.1252,16.3645,80.0395,153.9279
-6.1226,16.2804,79.9775,153.9179
-6.1201,16.1991,79.9169,153.9081
-6.1176,16.1181,79.8561,153.8983
-6.1150,16.0351,79.7931,153.8881
-6.1125,15.9548,79.7317,153.8782
-6.1100,15.8749,79.6699,153.8683
-6.1074,15.7928,79.6060,153.8580
-6.1050,15.7136,79.5436,153.8480
-6.1025,15.6347,79.4810,153.8380
-6.0999,15.5537,79.4162,153.8276
-6.0975,15.4755,79.3529,153.8175
-6.0950,15.3976,79.2894,153.8073
-6.0925,15.3176,79.2236,153.7968
-6.0901,15.2404,79.1595,153.7865
-6.0877,15.1636,79.0950,153.7763
-6.0852,15.0847,79.0284,153.7656
-6.0828,15.0085,78.9634,153.7553
-6.0804,14.9327,78.8980,153.7449
-6.0779,14.8549,78.8305,153.7341
-6.0756,14.7797,78.7646,153.7236
-6.0732,14.7049,78.6984,153.7131
-6.0708,14.6282,78.6299,153.7022
-6.0684,14.5541,78.5631,153.6916
-6.0661,14.4803,78.4960,153.6810
-6.0637,14.4047,78.4267,153.6700
-6.0613,14.3316,78.3590,153.6593
-6.0590,14.2589,78.2911,153.6486
-6.0566,14.1843,78.2208,153.6375
-6.0543,14.1122,78.1523,153.6266
-6.0521,14.0406,78.0835,153.6158
-6.0497,13.9670,78.0123,153.6046
-6.0474,13.8961,77.9429,153.5936
-6.0452,13.8254,77.8732,153.5827
-6.0429,13.7530,77.8012,153.5713
-6.0406,13.6831,77.7309,153.5603
-6.0384,13.6135,77.6604,153.5492
-6.0361,13.5421,77.5875,153.5377
-6.0339,13.4732,77.5164,153.5266
-6.0317,13.4047,77.4450,153.5154
-6.0294,13.3344,77.3712,153.5038
-6.0273,13.2666,77.2993,153.4925
-6.0251,13.1991,77.2270,153.4812
-6.0229,13.1300,77.1523,153.4695
-6.0207,13.0632,77.0796,153.4581
-6.0186,12.9968,77.0065,153.4467
-6.0164,12.9287,76.9309,153.4349
-6.0143,12.8630,76.8573,153.4234
-6.0122,12.7976,76.7834,153.4119
-6.0100,12.7306,76.7070,153.4000
-6.0080,12.6660,76.6325,153.3884
-6.0059,12.6017,76.5578,153.3767
-6.0038,12.5358,76.4805,153.3647
-6.0017,12.4722,76.4052,153.3530
-5.9997,12.4090,76.3296,153.3412
-5.9976,12.3442,76.2515,153.3291
-5.9956,12.2817,76.1753,153.3173
-5.9936,12.2196,76.0989,153.3054
-5.9916,12.1559,76.0199,153.2932
-5.9896,12.0944,75.9430,153.2812
-5.9876,12.0333,75.8658,153.2693
-5.9856,11.9708,75.7859,153.2569
-5.9837,11.9104,75.7082,153.2449
-5.9818,11.8504,75.6301,153.2328
-5.9798,11.7889,75.5494,153.2203
-5.9779,11.7296,75.4708,153.2082
-5.9760,11.6707,75.3920,153.1960
-5.9741,11.6103,75.3105,153.1834
-5.9722,11.5521,75.2310,153.1712
-5.9704,11.4942,75.1514,153.1589
-5.9685,11.4350,75.0690,153.1462
-5.9667,11.3779,74.9888,153.1338
-5.9649,11.3211,74.9083,153.1214
-5.9631,11.2641,74.8268,153.1089
-5.9613,11.2074,74.7449,153.0963
-5.9595,11.1512,74.6628,153.0837
-5.8378,11.1149,74.6945,153.1222
-5.7123,11.0778,74.7268,153.1620
-5.5904,11.0421,74.7578,153.2006
-5.4685,11.0067,74.7886,153.2392
-5.3428,10.9706,74.8199,153.2790
-5.2207,10.9358,74.8500,153.3176
-5.0985,10.9013,74.8798,153.3562
-4.9726,10.8661,74.9101,153.3960
-4.8504,10.8322,74.9393,153.4347
-4.7281,10.7986,74.9681,153.4733
-4.6020,10.7644,74.9975,153.5131
-4.4796,10.7314,75.0257,153.5517
-4.3571,10.6988,75.0536,153.5904
-4.2308,10.6654,75.0820,153.6302
-4.1082,10.6334,75.1093,153.6688
-3.9856,10.6017,75.1362,153.7074
-3.8592,10.5693,75.1637,153.7472
-3.7364,10.5382,75.1900,153.7859
-3.6136,10.5075,75.2160,153.8245
-3.4870,10.4760,75.2425,153.8643
-3.3641,10.4459,75.2679,153.9029
-3.2412,10.4160,75.2930,153.9416
-3.1145,10.3856,75.3185,153.9814
-2.9914,10.3564,75.3429,154.0200
-2.8684,10.3274,75.3670,154.0586
-2.7415,10.2980,75.3916,154.0984
-2.6183,10.2697,75.4151,154.1370
-2.4951,10.2417,75.4383,154.1756
-2.3682,10.2132,75.4618,154.2154
-2.2449,10.1858,75.4844,154.2540
-2.1215,10.1588,75.5066,154.2926
-1.9945,10.1313,75.5292,154.3323
-1.8711,10.1049,75.5508,154.3709
-1.7476,10.0788,75.5721,154.4094
-1.6204,10.0522,75.5938,154.4492
-1.4969,10.0268,75.6144,154.4877
-1.3734,10.0017,75.6348,154.5262
-1.2461,9.9761,75.6555,154.5659
-1.1225,9.9516,75.6752,154.6045
-0.9989,9.9274,75.6946,154.6430
-0.8715,9.9028,75.7143,154.6826
-0.7478,9.8793,75.7331,154.7211
-0.6241,9.8561,75.7515,154.7596
-0.4966,9.8325,75.7703,154.7992
-0.3729,9.8099,75.7881,154.8376
-0.2491,9.7877,75.8056,154.8761
-0.1216,9.7650,75.8234,154.9156
0.0022,9.7434,75.8403,154.9540
0.1260,9.7222,75.8569,154.9924
0.2536,9.7005,75.8736,155.0319
0.3775,9.6799,75.8896,155.0703
0.5014,9.6596,75.9052,155.1086
0.6290,9.6390,75.9210,155.1481
0.7529,9.6193,75.9360,155.1864
0.8769,9.5999,75.9507,155.2247
1.0045,9.5803,75.9656,155.2641
1.1285,9.5616,75.9796,155.3023
1.2524,9.5433,75.9934,155.3406
1.3802,9.5247,76.0073,155.3799
1.5041,9.5069,76.0204,155.4181
1.6281,9.4895,76.0332,155.4563
1.7558,9.4719,76.0461,155.4955
1.8798,9.4552,76.0583,155.5337
2.0038,9.4388,76.0702,155.5717
2.1315,9.4222,76.0821,155.6110
2.2555,9.4064,76.0933,155.6490
2.3795,9.3910,76.1043,155.6870
2.5073,9.3754,76.1152,155.7262
2.6312,9.3606,76.1255,155.7641
2.7552,9.3462,76.1355,155.8021
2.8830,9.3316,76.1455,155.8411
3.0069,9.3178,76.1549,155.8790
3.1309,9.3043,76.1640,155.9169
3.2586,9.2908,76.1730,155.9559
3.3825,9.2780,76.1814,155.9937
3.5065,9.2655,76.1895,156.0314
3.6342,9.2529,76.1976,156.0703
3.7581,9.2411,76.2051,156.1080
3.8820,9.2296,76.2122,156.1457
4.0096,9.2181,76.2193,156.1845
4.1335,9.2073,76.2259,156.2221
4.2573,9.1968,76.2321,156.2597
4.3849,9.1863,76.2382,156.2984
4.5087,9.1765,76.2439,156.3359
4.6325,9.1669,76.2492,156.3734
4.7600,9.1575,76.2543,156.4120
4.8838,9.1486,76.2590,156.4494
5.0075,9.1401,76.2634,156.4868
5.1349,9.1317,76.2675,156.5253
5.2586,9.1238,76.2713,156.5626
5.3822,9.1163,76.2747,156.5999
5.5096,9.1089,76.2779,156.6382
5.6332,9.1020,76.2807,156.6754
5.7568,9.0955,76.2832,156.7126
5.8840,9.0891,76.2855,156.7508
6.0075,9.0832,76.2874,156.7879
6.1310,9.0777,76.2889,156.8249
6.2582,9.0723,76.2902,156.8631
6.3815,9.0675,76.2912,156.9000
6.5049,9.0629,76.2918,156.9369
6.6320,9.0586,76.2921,156.9749
6.7552,9.0547,76.2921,157.0117
6.8785,9.0512,76.2918,157.0485
7.0054,9.0479,76.2912,157.0864
7.1285,9.0450,76.2903,157.1231
7.2517,9.0425,76.2891,157.1597
7.3785,9.0402,76.2875,157.1975
7.5015,9.0384,76.2856,157.2340
7.6244,9.0368,76.2835,157.2705
7.7511,9.0356,76.2809,157.3081
7.8740,9.0347,76.2781,157.3445
7.9968,9.0342,76.2750,157.3809
8.1233,9.0339,76.2715,157.4183
8.2460,9.0341,76.2678,157.4546
8.3687,9.0345,76.2638,157.4909
8.4950,9.0353,76.2593,157.5281
8.6176,9.0365,76.2547,157.5643
8.7401,9.0379,76.2497,157.6003
8.8662,9.0398,76.2443,157.6375
8.9886,9.0419,76.2388,157.6734
9.1110,9.0444,76.2329,157.7094
9.2369,9.0472,76.2265,157.7463
9.3591,9.0504,76.2200,157.7821
9.4813,9.0538,76.2132,157.8179
9.6071,9.0577,76.2059,157.8547
9.7291,9.0618,76.1985,157.8904
9.8510,9.0663,76.1907,157.9260
9.9766,9.0712,76.1825,157.9626
10.0984,9.0763,76.1741,157.9981
10.2202,9.0818,76.1655,158.0335
10.3455,9.0877,76.1563,158.0700
10.4671,9.0939,76.1470,158.1053
10.5887,9.1003,76.1374,158.1405
10.7138,9.1073,76.1273,158.1768
10.8352,9.1144,76.1171,158.2119
10.9565,9.1218,76.1066,158.2470
11.0814,9.1298,76.0955,158.2831
11.2026,9.1380,76.0844,158.3181
11.3236,9.1464,76.0730,158.3530
11.4483,9.1554,76.0609,158.3889
11.5692,9.1645,76.0489,158.4237
11.6901,9.1739,76.0365,158.4584
11.8145,9.1840,76.0235,158.4941
11.9352,9.1941,76.0106,158.5287
12.0557,9.2045,75.9973,158.5632
12.1799,9.2156,75.9834,158.5987
12.3003,9.2267,75.9695,158.6331
12.4206,9.2381,75.9554,158.6675
12.5445,9.2502,75.9405,158.7028
12.6647,9.2622,75.9257,158.7370
12.7847,9.2746,75.9107,158.7711
12.9084,9.2877,75.8948,158.8063
13.0282,9.3008,75.8791,158.8403
13.1480,9.3142,75.8632,158.8742
13.2713,9.3283,75.8464,158.9091
13.3909,9.3424,75.8298,158.9429
13.5104,9.3567,75.8129,158.9767
13.6335,9.3719,75.7952,159.0113
13.7528,9.3869,75.7777,159.0449
13.8720,9.4022,75.7599,159.0785
13.9947,9.4184,75.7412,159.1130
14.1137,9.4344,75.7228,159.1463
14.2326,9.4507,75.7041,159.1797
14.3550,9.4679,75.6845,159.2139
14.4737,9.4849,75.6652,159.2471
14.5923,9.5022,75.6456,159.2802
14.7144,9.5203,75.6251,159.3142
14.8328,9.5383,75.6049,159.3472
14.9510,9.5566,75.5843,159.3801
15.0728,9.5757,75.5629,159.4139
15.1908,9.5947,75.5418,159.4466
15.3088,9.6139,75.5203,159.4793
15.4302,9.6341,75.4980,159.5129
15.5479,9.6540,75.4759,159.5454
15.6656,9.6742,75.4536,159.5778
15.7866,9.6954,75.4303,159.6112
15.9040,9.7163,75.4074,159.6435
16.0213,9.7375,75.3842,159.6757
16.1420,9.7596,75.3599,159.7088
16.2590,9.7815,75.3361,159.7409
16.3760,9.8036,75.3120,159.7728
16.4963,9.8268,75.2868,159.8057
16.6130,9.8496,75.2621,159.8375
16.7296,9.8727,75.2371,159.8693
16.8496,9.8969,75.2110,159.9019
16.9659,9.9206,75.1854,159.9335
17.0821,9.9447,75.1595,159.9650
17.2017,9.9698,75.1325,159.9974
17.3176,9.9946,75.1059,160.0288
17.4335,10.0196,75.0791,160.0600
17.5527,10.0457,75.0512,160.0922
17.6683,10.0714,75.0238,160.1233
17.7837,10.0974,74.9961,160.1543
17.9025,10.1244,74.9673,160.1862
18.0177,10.1511,74.9390,160.2171
18.1328,10.1780,74.9104,160.2478
18.2512,10.2061,74.8806,160.2795
18.3660,10.2336,74.8515,160.3101
18.4807,10.2615,74.8220,160.3406
18.5987,10.2905,74.7913,160.3720
18.7131,10.3191,74.7612,160.4024
18.8274,10.3479,74.7309,160.4327
18.9450,10.3779,74.6993,160.4638
19.0590,10.4073,74.6683,160.4939
19.1729,10.4371,74.6371,160.5239
19.2901,10.4681,74.6046,160.5548
19.4037,10.4985,74.5727,160.5846
19.4896,10.5217,74.5484,160.6072
19.5755,10.5451,74.5239,160.6297
19.6613,10.5687,74.4992,160.6522
19.7470,10.5925,74.4744,160.6746
19.8601,10.6240,74.4415,160.7041
