-0.0000,24.6428,78.9645,-89.9998
13.6529,25.8877,57.1946,-90.8278
13.7824,25.9139,57.3465,-90.7856
13.9091,25.9672,57.2698,-90.8221
13.9090,25.9412,57.4948,-90.7764
14.0357,25.9686,57.6487,-90.7571
14.0356,25.9445,57.8707,-90.7376
14.0356,25.9210,58.0918,-90.7131
14.0356,25.8977,58.3183,-90.6874
14.0356,25.8759,58.5368,-90.6639
14.0356,25.8549,58.7541,-90.6398
14.0356,25.8340,58.9768,-90.6142
14.0356,25.8147,59.1916,-90.5909
14.0356,25.7960,59.4053,-90.5669
14.0356,25.7776,59.6242,-90.5414
14.0356,25.7606,59.8355,-90.5183
14.0356,25.7443,60.0456,-90.4945
14.0356,25.7284,60.2610,-90.4692
14.0356,25.7136,60.4688,-90.4462
14.0356,25.6997,60.6755,-90.4225
14.0356,25.6860,60.8873,-90.3974
14.0356,25.6736,61.0917,-90.3745
14.0356,25.6619,61.2951,-90.3510
14.0356,25.6505,61.5035,-90.3260
14.0356,25.6403,61.7046,-90.3033
14.0356,25.6308,61.9047,-90.2798
14.0356,25.6218,62.1097,-90.2550
14.0356,25.6137,62.3076,-90.2324
14.0356,25.6064,62.5045,-90.2091
14.0356,25.5996,62.7063,-90.1844
14.0356,25.5937,62.9010,-90.1619
14.0356,25.5885,63.0948,-90.1388
14.0356,25.5839,63.2934,-90.1142
14.0356,25.5802,63.4851,-90.0918
14.0356,25.5771,63.6758,-90.0688
14.0356,25.5746,63.8713,-90.0443
14.0356,25.5730,64.0599,-90.0221
14.0356,25.5720,64.2477,-89.9991
14.0356,25.5716,64.4401,-89.9748
14.0356,25.5720,64.6258,-89.9526
14.0356,25.5731,64.8106,-89.9298
14.0356,25.5749,65.0000,-89.9056
14.0356,25.5773,65.1829,-89.8835
14.0356,25.5804,65.3648,-89.8608
14.0356,25.5842,65.5513,-89.8367
14.0356,25.5886,65.7313,-89.8147
14.0356,25.5937,65.9104,-89.7920
14.0356,25.5996,66.0940,-89.7680
14.0356,25.6060,66.2712,-89.7462
14.0356,25.6130,66.4476,-89.7236
14.0356,25.6209,66.6284,-89.6997
14.0356,25.6293,66.8029,-89.6779
14.0356,25.6383,66.9765,-89.6555
14.0356,25.6482,67.1545,-89.6316
14.0356,25.6585,67.3263,-89.6100
14.0356,25.6694,67.4973,-89.5876
14.0356,25.6812,67.6725,-89.5638
14.0356,25.6934,67.8417,-89.5422
14.0356,25.7062,68.0101,-89.5199
14.0356,25.7201,68.1826,-89.4963
14.0356,25.7342,68.3492,-89.4748
14.0356,25.7488,68.5150,-89.4525
14.0356,25.7646,68.6849,-89.4290
14.0356,25.7805,68.8489,-89.4075
14.0356,25.7971,69.0122,-89.3854
14.0356,25.8147,69.1795,-89.3619
14.0356,25.8325,69.3410,-89.3405
14.0356,25.8509,69.5017,-89.3184
14.0356,25.8705,69.6665,-89.2950
14.0356,25.8901,69.8255,-89.2737
14.0356,25.9103,69.9837,-89.2517
14.0356,25.9317,70.1460,-89.2283
14.0356,25.9532,70.3025,-89.2071
14.0356,25.9752,70.4584,-89.1851
14.0356,25.9984,70.6181,-89.1619
14.0356,26.0217,70.7722,-89.1407
14.0356,26.0455,70.9257,-89.1188
14.0356,26.0706,71.0829,-89.0956
14.0356,26.0956,71.2347,-89.0745
14.0356,26.1212,71.3857,-89.0526
14.0356,26.1481,71.5405,-89.0295
14.0356,26.1749,71.6900,-89.0084
14.0356,26.2022,71.8387,-88.9867
14.0356,26.2309,71.9911,-88.9636
14.0356,26.2594,72.1382,-88.9426
14.0356,26.2885,72.2845,-88.9209
14.0356,26.3191,72.4346,-88.8978
14.0356,26.3493,72.5794,-88.8769
14.0356,26.3801,72.7235,-88.8552
14.0356,26.4124,72.8711,-88.8323
14.0356,26.4444,73.0137,-88.8114
14.0356,26.4769,73.1555,-88.7897
14.0356,26.5110,73.3008,-88.7668
14.0356,26.5446,73.4411,-88.7460
14.0356,26.5789,73.5807,-88.7244
14.0356,26.6147,73.7237,-88.7016
14.0356,26.6501,73.8618,-88.6808
14.0356,26.6860,73.9991,-88.6592
14.0356,26.7235,74.1399,-88.6364
14.0356,26.7606,74.2757,-88.6157
14.0356,26.7982,74.4108,-88.5942
14.0356,26.8374,74.5494,-88.5714
14.0356,26.8762,74.6830,-88.5507
14.0356,26.9154,74.8160,-88.5293
14.0356,26.9564,74.9522,-88.5066
14.0356,26.9968,75.0837,-88.4859
14.0356,27.0377,75.2145,-88.4645
14.0356,27.0804,75.3486,-88.4418
14.0356,27.1224,75.4779,-88.4212
14.0356,27.1649,75.6066,-88.3999
14.0356,27.2093,75.7384,-88.3772
14.0356,27.2530,75.8656,-88.3567
14.0356,27.2972,75.9921,-88.3353
14.0356,27.3432,76.1218,-88.3127
14.0356,27.3885,76.2469,-88.2922
14.0356,27.4343,76.3713,-88.2709
14.0356,27.4820,76.4988,-88.2484
14.0356,27.5289,76.6218,-88.2279
14.0356,27.5763,76.7441,-88.2066
14.0356,27.6257,76.8695,-88.1841
14.0356,27.6742,76.9904,-88.1637
14.0356,27.7232,77.1106,-88.1425
14.0356,27.7742,77.2338,-88.1200
14.0356,27.8243,77.3526,-88.0995
14.0356,27.8749,77.4708,-88.0784
14.0356,27.9276,77.5919,-88.0559
14.0356,27.9792,77.7087,-88.0355
14.0356,28.0314,77.8248,-88.0144
14.0356,28.0857,77.9438,-87.9920
14.0356,28.1390,78.0585,-87.9716
14.0356,28.1927,78.1726,-87.9505
14.0356,28.2486,78.2895,-87.9281
14.0356,28.3034,78.4022,-87.9078
14.0356,28.3587,78.5142,-87.8867
14.0356,28.4162,78.6290,-87.8644
14.0356,28.4726,78.7397,-87.8441
14.0356,28.5294,78.8497,-87.8230
14.0356,28.5885,78.9625,-87.8007
14.0356,28.6464,79.0711,-87.7805
14.0356,28.7048,79.1792,-87.7595
14.0356,28.7655,79.2898,-87.7372
14.0356,28.8250,79.3965,-87.7169
14.0356,28.8849,79.5025,-87.6959
14.0356,28.9472,79.6111,-87.6737
14.0356,29.0081,79.7158,-87.6535
14.0356,29.0696,79.8199,-87.6325
14.0356,29.1334,79.9264,-87.6103
14.0356,29.1959,80.0291,-87.5901
14.0356,29.2589,80.1312,-87.5692
14.0356,29.3243,80.2357,-87.5470
14.0356,29.3882,80.3365,-87.5269
14.0356,29.4527,80.4366,-87.5060
14.0356,29.5196,80.5391,-87.4838
14.0356,29.5851,80.6378,-87.4637
14.0356,29.6511,80.7360,-87.4428
14.0356,29.7196,80.8364,-87.4206
14.0356,29.7866,80.9333,-87.4006
14.0356,29.8540,81.0295,-87.3797
14.0356,29.9240,81.1279,-87.3576
14.0356,29.9925,81.2228,-87.3375
14.0356,30.0614,81.3170,-87.3167
14.0356,30.1329,81.4135,-87.2946
14.0356,30.2029,81.5064,-87.2746
14.0356,30.2733,81.5987,-87.2538
14.0356,30.3463,81.6932,-87.2317
14.0356,30.4177,81.7842,-87.2117
14.0356,30.4896,81.8746,-87.1909
14.0356,30.5641,81.9671,-87.1689
14.0356,30.6369,82.0561,-87.1489
14.0356,30.7103,82.1446,-87.1282
14.0356,30.7863,82.2351,-87.1062
14.0356,30.8606,82.3222,-87.0862
14.0356,30.9353,82.4088,-87.0655
14.0356,31.0128,82.4973,-87.0435
14.0356,31.0886,82.5825,-87.0236
14.0356,31.1648,82.6671,-87.0029
14.0356,31.2437,82.7536,-86.9809
14.0356,31.3209,82.8370,-86.9611
14.0356,31.3985,82.9197,-86.9403
14.0356,31.4789,83.0042,-86.9184
14.0356,31.5575,83.0857,-86.8986
14.0356,31.6365,83.1665,-86.8779
14.0356,31.7184,83.2491,-86.8560
14.0356,31.7984,83.3286,-86.8362
14.0356,31.8789,83.4075,-86.8155
14.0356,31.9622,83.4881,-86.7936
14.0356,32.0436,83.5657,-86.7739
14.0356,32.1254,83.6427,-86.7532
14.0356,32.2102,83.7214,-86.7314
14.0356,32.2930,83.7972,-86.7116
14.0356,32.3762,83.8723,-86.6910
14.0356,32.4624,83.9490,-86.6692
14.0356,32.5465,84.0228,-86.6495
14.0356,32.6311,84.0961,-86.6289
14.0356,32.7188,84.1709,-86.6071
14.0356,32.8043,84.2428,-86.5874
14.0356,32.8902,84.3141,-86.5668
14.0356,32.9793,84.3870,-86.5450
14.0356,33.0662,84.4571,-86.5254
14.0356,33.1535,84.5265,-86.5049
14.0356,33.2439,84.5974,-86.4831
14.0356,33.3321,84.6656,-86.4635
14.0356,33.4208,84.7332,-86.4430
14.0356,33.5126,84.8022,-86.4212
14.0356,33.6022,84.8685,-86.4017
14.0356,33.6922,84.9342,-86.3812
14.0356,33.7854,85.0012,-86.3595
14.0356,33.8763,85.0656,-86.3399
14.0356,33.9676,85.1294,-86.3195
14.0356,34.0622,85.1946,-86.2978
14.0356,34.1544,85.2571,-86.2783
14.0356,34.2471,85.3191,-86.2579
14.0356,34.3430,85.3823,-86.2362
13.9091,34.3969,85.5081,-86.2094
13.7824,34.3582,85.5721,-86.2704
13.6517,34.3183,85.6377,-86.2967
13.5247,34.2800,85.7007,-86.3300
13.3976,34.2421,85.7631,-86.3611
13.2664,34.2034,85.8268,-86.3925
13.1390,34.1662,85.8879,-86.4255
13.0115,34.1294,85.9485,-86.4570
12.8800,34.0918,86.0102,-86.4887
12.7522,34.0558,86.0695,-86.5221
12.6242,34.0201,86.1282,-86.5540
12.4923,33.9836,86.1880,-86.5860
12.3641,33.9487,86.2454,-86.6197
12.2358,33.9140,86.3022,-86.6519
12.1035,33.8788,86.3601,-86.6843
11.9749,33.8449,86.4157,-86.7183
11.8462,33.8114,86.4706,-86.7509
11.7135,33.7773,86.5266,-86.7836
11.5845,33.7445,86.5803,-86.8179
11.4555,33.7121,86.6334,-86.8508
11.3224,33.6791,86.6875,-86.8839
11.1931,33.6475,86.7393,-86.9185
11.0637,33.6162,86.7905,-86.9517
10.9303,33.5843,86.8427,-86.9850
10.8006,33.5538,86.8926,-87.0199
10.6709,33.5236,86.9420,-87.0534
10.5371,33.4929,86.9922,-87.0871
10.4071,33.4635,87.0403,-87.1223
10.2770,33.4345,87.0879,-87.1560
10.1429,33.4049,87.1362,-87.1900
10.0126,33.3766,87.1824,-87.2255
9.8822,33.3487,87.2281,-87.2595
9.7477,33.3203,87.2745,-87.2937
9.6171,33.2931,87.3189,-87.3295
9.4864,33.2663,87.3627,-87.3638
9.3516,33.2390,87.4072,-87.3983
9.2207,33.2130,87.4497,-87.4342
9.0897,33.1873,87.4917,-87.4688
8.9546,33.1612,87.5343,-87.5035
8.8234,33.1362,87.5750,-87.5398
8.6921,33.1117,87.6150,-87.5746
8.5567,33.0867,87.6557,-87.6096
8.4252,33.0629,87.6946,-87.6460
8.2936,33.0394,87.7328,-87.6810
8.1580,33.0157,87.7716,-87.7163
8.0262,32.9930,87.8086,-87.7530
7.8944,32.9706,87.8449,-87.7882
7.7585,32.9480,87.8818,-87.8237
7.6265,32.9264,87.9169,-87.8606
7.4944,32.9052,87.9515,-87.8960
7.3582,32.8838,87.9864,-87.9317
7.2260,32.8633,88.0197,-87.9688
7.0936,32.8433,88.0524,-88.0044
6.9572,32.8229,88.0854,-88.0403
6.8247,32.8036,88.1168,-88.0776
6.6922,32.7847,88.1477,-88.1134
6.5555,32.7655,88.1788,-88.1495
6.4228,32.7474,88.2084,-88.1870
6.2901,32.7295,88.2374,-88.2230
6.1532,32.7116,88.2666,-88.2592
6.0203,32.6945,88.2943,-88.2969
5.8873,32.6778,88.3215,-88.3330
5.7503,32.6610,88.3488,-88.3695
5.6172,32.6451,88.3747,-88.4072
5.4840,32.6295,88.3999,-88.4436
5.3468,32.6139,88.4254,-88.4802
5.2135,32.5991,88.4494,-88.5181
5.0802,32.5847,88.4728,-88.5546
4.9427,32.5702,88.4963,-88.5913
4.8093,32.5566,88.5185,-88.6294
4.6758,32.5433,88.5401,-88.6660
4.5382,32.5300,88.5617,-88.7029
4.4046,32.5174,88.5820,-88.7410
4.2710,32.5053,88.6017,-88.7778
4.1332,32.4931,88.6214,-88.8148
3.9995,32.4818,88.6399,-88.8531
3.8657,32.4707,88.6578,-88.8899
3.7278,32.4598,88.6756,-88.9270
3.5939,32.4495,88.6922,-88.9654
3.4600,32.4397,88.7082,-89.0024
3.3220,32.4299,88.7241,-89.0396
3.1880,32.4207,88.7389,-89.0781
3.0540,32.4120,88.7531,-89.1152
2.9159,32.4034,88.7671,-89.1524
2.7818,32.3954,88.7800,-89.1910
2.6477,32.3878,88.7923,-89.2282
2.5095,32.3804,88.8044,-89.2655
2.3753,32.3735,88.8155,-89.3042
2.2411,32.3671,88.8260,-89.3414
2.1029,32.3608,88.8362,-89.3788
1.9686,32.3551,88.8454,-89.4175
1.8343,32.3498,88.8540,-89.4548
1.6960,32.3447,88.8623,-89.4923
1.5617,32.3401,88.8697,-89.5310
1.4274,32.3359,88.8765,-89.5683
1.2889,32.3320,88.8828,-89.6058
1.1546,32.3286,88.8884,-89.6447
1.0202,32.3255,88.8933,-89.6820
0.8818,32.3228,88.8978,-89.7196
0.7474,32.3205,88.9014,-89.7584
0.6130,32.3186,88.9045,-89.7958
0.4745,32.3170,88.9071,-89.8333
0.3401,32.3159,88.9089,-89.8722
0.2057,32.3151,88.9102,-89.9096
0.0672,32.3147,88.9108,-89.9471
-0.0672,32.3147,88.9108,-89.9860
-0.2016,32.3151,88.9102,-90.0234
-0.3401,32.3159,88.9089,-90.0610
-0.4745,32.3170,88.9071,-90.0998
-0.6089,32.3186,88.9046,-90.1372
-0.7474,32.3205,88.9015,-90.1748
-0.8818,32.3228,88.8977,-90.2136
-1.0162,32.3255,88.8934,-90.2509
-1.1546,32.3286,88.8884,-90.2885
-1.2889,32.3320,88.8828,-90.3273
-1.4233,32.3358,88.8767,-90.3646
-1.5617,32.3401,88.8697,-90.4021
-1.6960,32.3447,88.8623,-90.4409
-1.8303,32.3496,88.8543,-90.4782
-1.9686,32.3551,88.8454,-90.5156
-2.1029,32.3608,88.8361,-90.5544
-2.2371,32.3669,88.8263,-90.5916
-2.3753,32.3735,88.8155,-90.6290
-2.5095,32.3804,88.8044,-90.6676
-2.6437,32.3876,88.7927,-90.7048
-2.7818,32.3954,88.7800,-90.7421
-2.9159,32.4034,88.7671,-90.7807
-3.0500,32.4117,88.7535,-90.8178
-3.1880,32.4207,88.7389,-90.8551
-3.3220,32.4299,88.7241,-90.8936
-3.4560,32.4394,88.7087,-90.9306
-3.5939,32.4495,88.6922,-90.9677
-3.7278,32.4598,88.6756,-91.0061
-3.8616,32.4704,88.6583,-91.0430
-3.9995,32.4818,88.6399,-91.0801
-4.1332,32.4932,88.6214,-91.1184
-4.2669,32.5049,88.6023,-91.1552
-4.4046,32.5174,88.5820,-91.1921
-4.5382,32.5300,88.5617,-91.2303
-4.6717,32.5429,88.5407,-91.2670
-4.8093,32.5565,88.5185,-91.3038
-4.9427,32.5702,88.4963,-91.3419
-5.0761,32.5843,88.4735,-91.3784
-5.2135,32.5991,88.4494,-91.4151
-5.3468,32.6139,88.4253,-91.4530
-5.4800,32.6291,88.4007,-91.4894
-5.6172,32.6451,88.3747,-91.5259
-5.7503,32.6610,88.3488,-91.5637
-5.8833,32.6773,88.3223,-91.5999
-6.0203,32.6945,88.2943,-91.6363
-6.1532,32.7116,88.2666,-91.6739
-6.2861,32.7290,88.2382,-91.7100
-6.4228,32.7474,88.2084,-91.7462
-6.5555,32.7656,88.1788,-91.7837
-6.6882,32.7841,88.1486,-91.8196
-6.8247,32.8036,88.1169,-91.8556
-6.9572,32.8230,88.0854,-91.8928
-7.0896,32.8427,88.0534,-91.9286
-7.2260,32.8633,88.0197,-91.9644
-7.3582,32.8838,87.9864,-92.0015
-7.4904,32.9046,87.9525,-92.0370
-7.6265,32.9264,87.9170,-92.0726
-7.7585,32.9480,87.8818,-92.1095
-7.8904,32.9700,87.8460,-92.1448
-8.0262,32.9930,87.8086,-92.1802
-8.1580,33.0157,87.7716,-92.2169
-8.2897,33.0387,87.7340,-92.2520
-8.4252,33.0629,87.6946,-92.2871
-8.5567,33.0867,87.6557,-92.3236
-8.6881,33.1109,87.6163,-92.3585
-8.8234,33.1362,87.5750,-92.3934
-8.9546,33.1612,87.5343,-92.4296
-9.0857,33.1865,87.4929,-92.4642
-9.2207,33.2130,87.4498,-92.4989
-9.3516,33.2390,87.4072,-92.5349
-9.4824,33.2655,87.3640,-92.5693
-9.6171,33.2931,87.3189,-92.6037
-9.7477,33.3203,87.2745,-92.6394
-9.8782,33.3478,87.2295,-92.6735
-10.0126,33.3766,87.1825,-92.7077
-10.1429,33.4049,87.1362,-92.7431
-10.2731,33.4336,87.0893,-92.7770
-10.4071,33.4635,87.0404,-92.8108
-10.5371,33.4929,86.9922,-92.8460
-10.6669,33.5227,86.9435,-92.8796
-10.8006,33.5538,86.8926,-92.9132
-10.9302,33.5843,86.8426,-92.9480
-11.0598,33.6152,86.7920,-92.9813
-11.1931,33.6475,86.7393,-93.0146
-11.3224,33.6791,86.6874,-93.0492
-11.4516,33.7111,86.6350,-93.0822
-11.5845,33.7445,86.5803,-93.1151
-11.7135,33.7773,86.5266,-93.1494
-11.8423,33.8104,86.4723,-93.1821
-11.9749,33.8449,86.4157,-93.2147
-12.1034,33.8788,86.3601,-93.2487
-12.2319,33.9130,86.3039,-93.2810
-12.3641,33.9486,86.2454,-93.3133
-12.4923,33.9836,86.1880,-93.3470
-12.6203,34.0190,86.1299,-93.3790
-12.7522,34.0558,86.0695,-93.4109
-12.8800,34.0919,86.0102,-93.4442
-13.0076,34.1283,85.9503,-93.4759
-13.1390,34.1662,85.8880,-93.5075
-13.2664,34.2034,85.8268,-93.5405
-13.3937,34.2410,85.7650,-93.5718
-13.5247,34.2800,85.7007,-93.6030
-13.6517,34.3183,85.6377,-93.6356
-13.7785,34.2630,85.5137,-93.6233
-13.9091,34.3036,85.4472,-93.6810
-13.9090,34.2076,85.3840,-93.6708
-14.0357,34.1542,85.2574,-93.6425
-14.0356,34.0622,85.1945,-93.6654
-14.0356,33.9676,85.1295,-93.6371
-14.0356,33.8763,85.0656,-93.6186
-14.0356,33.7854,85.0012,-93.5979
-14.0356,33.6922,84.9342,-93.5763
-14.0356,33.6022,84.8685,-93.5567
-14.0356,33.5126,84.8021,-93.5362
-14.0356,33.4208,84.7332,-93.5144
-14.0356,33.3321,84.6656,-93.4948
-14.0356,33.2439,84.5974,-93.4743
-14.0356,33.1535,84.5265,-93.4525
-14.0356,33.0662,84.4571,-93.4329
-14.0356,32.9793,84.3870,-93.4123
-14.0356,32.8902,84.3142,-93.3905
-14.0356,32.8043,84.2428,-93.3709
-14.0356,32.7188,84.1709,-93.3503
-14.0356,32.6311,84.0961,-93.3284
-14.0356,32.5465,84.0228,-93.3088
-14.0356,32.4624,83.9490,-93.2881
-14.0356,32.3762,83.8723,-93.2663
-14.0356,32.2930,83.7972,-93.2466
-14.0356,32.2102,83.7214,-93.2259
-14.0356,32.1254,83.6428,-93.2041
-14.0356,32.0436,83.5657,-93.1843
-14.0356,31.9622,83.4881,-93.1636
-14.0356,31.8788,83.4075,-93.1417
-14.0356,31.7984,83.3286,-93.1219
-14.0356,31.7185,83.2491,-93.1013
-14.0356,31.6365,83.1665,-93.0793
-14.0356,31.5575,83.0857,-93.0595
-14.0356,31.4790,83.0042,-93.0388
-14.0356,31.3985,82.9197,-93.0169
-14.0356,31.3209,82.8370,-92.9970
-14.0356,31.2437,82.7536,-92.9763
-14.0356,31.1647,82.6671,-92.9543
-14.0356,31.0886,82.5825,-92.9344
-14.0356,31.0128,82.4972,-92.9137
-14.0356,30.9353,82.4088,-92.8917
-14.0356,30.8606,82.3222,-92.8718
-14.0356,30.7863,82.2351,-92.8510
-14.0356,30.7102,82.1446,-92.8290
-14.0356,30.6369,82.0561,-92.8090
-14.0356,30.5641,81.9670,-92.7882
-14.0356,30.4895,81.8746,-92.7662
-14.0356,30.4177,81.7842,-92.7462
-14.0356,30.3463,81.6932,-92.7254
-14.0356,30.2733,81.5988,-92.7033
-14.0356,30.2029,81.5064,-92.6833
-14.0356,30.1329,81.4135,-92.6624
-14.0356,30.0614,81.3171,-92.6403
-14.0356,29.9925,81.2228,-92.6203
-14.0356,29.9240,81.1279,-92.5994
-14.0356,29.8540,81.0295,-92.5773
-14.0356,29.7866,80.9333,-92.5572
-14.0356,29.7196,80.8364,-92.5363
-14.0356,29.6511,80.7360,-92.5142
-14.0356,29.5851,80.6378,-92.4941
-14.0356,29.5197,80.5390,-92.4732
-14.0356,29.4527,80.4366,-92.4510
-14.0356,29.3882,80.3365,-92.4309
-14.0356,29.3243,80.2357,-92.4099
-14.0356,29.2589,80.1312,-92.3877
-14.0356,29.1959,80.0291,-92.3676
-14.0356,29.1334,79.9264,-92.3466
-14.0356,29.0696,79.8199,-92.3243
-14.0356,29.0081,79.7158,-92.3042
-14.0356,28.9472,79.6111,-92.2832
-14.0356,28.8849,79.5026,-92.2609
-14.0356,28.8250,79.3965,-92.2407
-14.0356,28.7655,79.2898,-92.2196
-14.0356,28.7048,79.1792,-92.1973
-14.0356,28.6464,79.0711,-92.1771
-14.0356,28.5886,78.9624,-92.1560
-14.0356,28.5294,78.8498,-92.1337
-14.0356,28.4726,78.7397,-92.1134
-14.0356,28.4162,78.6290,-92.0923
-14.0356,28.3587,78.5143,-92.0700
-14.0356,28.3034,78.4022,-92.0497
-14.0356,28.2486,78.2894,-92.0285
-14.0356,28.1927,78.1726,-92.0062
-14.0356,28.1390,78.0585,-91.9858
-14.0356,28.0857,77.9438,-91.9647
-14.0356,28.0314,77.8248,-91.9422
-14.0356,27.9792,77.7087,-91.9218
-14.0356,27.9276,77.5919,-91.9007
-14.0356,27.8749,77.4708,-91.8782
-14.0356,27.8243,77.3526,-91.8578
-14.0356,27.7742,77.2338,-91.8366
-14.0356,27.7232,77.1106,-91.8141
-14.0356,27.6742,76.9904,-91.7936
-14.0356,27.6257,76.8694,-91.7724
-14.0356,27.5763,76.7441,-91.7498
-14.0356,27.5289,76.6218,-91.7293
-14.0356,27.4820,76.4988,-91.7080
-14.0356,27.4343,76.3713,-91.6855
-14.0356,27.3885,76.2469,-91.6649
-14.0356,27.3432,76.1218,-91.6436
-14.0356,27.2971,75.9922,-91.6210
-14.0356,27.2530,75.8656,-91.6004
-14.0356,27.2093,75.7384,-91.5791
-14.0356,27.1649,75.6066,-91.5564
-14.0356,27.1224,75.4779,-91.5358
-14.0356,27.0804,75.3485,-91.5144
-14.0356,27.0377,75.2145,-91.4917
-14.0356,26.9968,75.0837,-91.4710
-14.0356,26.9564,74.9522,-91.4496
-14.0356,26.9154,74.8160,-91.4268
-14.0356,26.8762,74.6830,-91.4061
-14.0356,26.8375,74.5493,-91.3847
-14.0356,26.7981,74.4109,-91.3619
-14.0356,26.7606,74.2757,-91.3411
-14.0356,26.7235,74.1398,-91.3196
-14.0356,26.6859,73.9991,-91.2967
-14.0356,26.6501,73.8618,-91.2759
-14.0356,26.6147,73.7237,-91.2544
-14.0356,26.5788,73.5807,-91.2315
-14.0356,26.5446,73.4411,-91.2106
-14.0356,26.5110,73.3008,-91.1890
-14.0356,26.4769,73.1555,-91.1661
-14.0356,26.4444,73.0137,-91.1451
-14.0356,26.4124,72.8711,-91.1235
-14.0356,26.3801,72.7235,-91.1005
-14.0356,26.3493,72.5794,-91.0795
-14.0356,26.3191,72.4346,-91.0578
-14.0356,26.2885,72.2846,-91.0348
-14.0356,26.2594,72.1382,-91.0137
-14.0356,26.2309,71.9910,-90.9920
-14.0356,26.2022,71.8387,-90.9688
-14.0356,26.1749,71.6900,-90.9478
-14.0356,26.1481,71.5405,-90.9259
-14.0356,26.1211,71.3858,-90.9028
-14.0356,26.0956,71.2347,-90.8816
-14.0356,26.0706,71.0829,-90.8597
-14.0356,26.0454,70.9257,-90.8365
-14.0356,26.0217,70.7723,-90.8153
-14.0356,25.9985,70.6181,-90.7933
-14.0356,25.9751,70.4584,-90.7700
-14.0356,25.9531,70.3026,-90.7488
-14.0356,25.9317,70.1459,-90.7267
-14.0356,25.9103,69.9838,-90.7034
-14.0356,25.8901,69.8255,-90.6820
-14.0356,25.8705,69.6665,-90.6599
-14.0356,25.8509,69.5017,-90.6365
-14.0356,25.8325,69.3410,-90.6151
-14.0356,25.8148,69.1795,-90.5929
-14.0356,25.7971,69.0122,-90.5694
-14.0356,25.7805,68.8490,-90.5479
-14.0356,25.7646,68.6849,-90.5257
-14.0356,25.7488,68.5150,-90.5021
-14.0356,25.7342,68.3492,-90.4805
-14.0356,25.7201,68.1826,-90.4582
-14.0356,25.7062,68.0101,-90.4345
-14.0356,25.6934,67.8417,-90.4129
-14.0356,25.6813,67.6725,-90.3905
-14.0356,25.6694,67.4973,-90.3667
-14.0356,25.6585,67.3263,-90.3450
-14.0356,25.6482,67.1545,-90.3225
-14.0356,25.6383,66.9765,-90.2987
-14.0356,25.6293,66.8029,-90.2769
-14.0356,25.6210,66.6283,-90.2543
-14.0356,25.6130,66.4476,-90.2303
-14.0356,25.6060,66.2712,-90.2084
-14.0356,25.5996,66.0940,-90.1858
-14.0356,25.5937,65.9104,-90.1617
-14.0356,25.5886,65.7313,-90.1397
-14.0356,25.5842,65.5513,-90.1170
-14.0356,25.5803,65.3648,-90.0928
-14.0356,25.5773,65.1829,-90.0707
-14.0356,25.5749,65.0000,-90.0478
-14.0356,25.5731,64.8106,-90.0236
-14.0356,25.5720,64.6258,-90.0014
-14.0356,25.5717,64.4401,-89.9784
-14.0356,25.5719,64.2477,-89.9540
-14.0356,25.5730,64.0600,-89.9317
-14.0356,25.5746,63.8713,-89.9086
-14.0356,25.5771,63.6758,-89.8841
-14.0356,25.5802,63.4851,-89.8617
-14.0356,25.5839,63.2934,-89.8385
-14.0356,25.5885,63.0949,-89.8139
-14.0356,25.5937,62.9011,-89.7914
-14.0356,25.5996,62.7063,-89.7681
-14.0356,25.6064,62.5045,-89.7433
-14.0356,25.6137,62.3076,-89.7206
-14.0356,25.6218,62.1097,-89.6972
-14.0356,25.6308,61.9047,-89.6723
-14.0356,25.6403,61.7046,-89.6495
-14.0356,25.6506,61.5035,-89.6259
-14.0356,25.6618,61.2951,-89.6009
-14.0356,25.6736,61.0917,-89.5780
-14.0356,25.6860,60.8873,-89.5543
-14.0356,25.6996,60.6755,-89.5291
-14.0356,25.7136,60.4688,-89.5060
-14.0356,25.7284,60.2610,-89.4822
-14.0356,25.7443,60.0457,-89.4568
-14.0356,25.7606,59.8355,-89.4336
-14.0356,25.7777,59.6242,-89.4096
-14.0356,25.7960,59.4053,-89.3841
-14.0356,25.8146,59.1916,-89.3607
-14.0356,25.8341,58.9767,-89.3365
-14.0356,25.8548,58.7541,-89.3108
-14.0356,25.8759,58.5368,-89.2873
-14.0356,25.8977,58.3183,-89.2630
-14.0356,25.9210,58.0918,-89.2371
-14.0356,25.9445,57.8708,-89.2134
-14.0356,25.9687,57.6484,-89.1889
-14.0356,25.9946,57.4181,-89.1628
-13.9091,25.9669,57.2703,-89.1449
-13.7785,25.9389,57.1229,-89.1313
-13.6517,25.8867,57.1980,-89.1672
-13.5247,25.8346,57.2727,-89.1769
-13.3937,25.7816,57.3489,-89.1875
-13.2664,25.7306,57.4220,-89.1979
-13.1390,25.6801,57.4944,-89.2081
-13.0076,25.6287,57.5682,-89.2184
-12.8800,25.5793,57.6389,-89.2286
-12.7522,25.5304,57.7089,-89.2386
-12.6204,25.4805,57.7802,-89.2487
-12.4923,25.4327,57.8486,-89.2587
-12.3641,25.3853,57.9163,-89.2685
-12.2319,25.3371,57.9852,-89.2783
-12.1034,25.2908,58.0513,-89.2881
-11.9749,25.2450,58.1166,-89.2977
-11.8423,25.1983,58.1831,-89.3073
-11.7135,25.1536,58.2469,-89.3170
-11.5845,25.1094,58.3099,-89.3263
-11.4516,25.0643,58.3741,-89.3358
-11.3224,25.0211,58.4355,-89.3452
-11.1931,24.9784,58.4963,-89.3544
-11.0598,24.9350,58.5581,-89.3637
-10.9302,24.8933,58.6172,-89.3729
-10.8006,24.8522,58.6757,-89.3819
-10.6669,24.8103,58.7351,-89.3910
-10.5371,24.7702,58.7920,-89.4001
-10.4071,24.7306,58.8482,-89.4089
-10.2731,24.6903,58.9053,-89.4178
-10.1429,24.6518,58.9599,-89.4268
-10.0126,24.6137,59.0139,-89.4354
-9.8782,24.5750,59.0687,-89.4442
-9.7477,24.5380,59.1210,-89.4529
-9.6171,24.5014,59.1727,-89.4615
-9.4824,24.4643,59.2252,-89.4700
-9.3516,24.4288,59.2754,-89.4787
-9.2207,24.3938,59.3248,-89.4870
-9.0857,24.3583,59.3750,-89.4955
-8.9546,24.3244,59.4229,-89.5039
-8.8234,24.2909,59.4702,-89.5122
-8.6881,24.2569,59.5181,-89.5205
-8.5567,24.2245,59.5638,-89.5288
-8.4252,24.1926,59.6088,-89.5369
-8.2897,24.1602,59.6544,-89.5450
-8.1580,24.1293,59.6979,-89.5533
-8.0262,24.0989,59.7408,-89.5613
-7.8904,24.0681,59.7841,-89.5693
-7.7585,24.0387,59.8254,-89.5774
-7.6265,24.0098,59.8661,-89.5852
-7.4904,23.9806,59.9072,-89.5931
-7.3582,23.9528,59.9463,-89.6011
-7.2260,23.9254,59.9847,-89.6088
-7.0896,23.8978,60.0236,-89.6166
-6.9572,23.8714,60.0606,-89.6245
-6.8247,23.8456,60.0968,-89.6321
-6.6882,23.8195,60.1334,-89.6398
-6.5555,23.7947,60.1682,-89.6476
-6.4228,23.7704,60.2023,-89.6551
-6.2861,23.7459,60.2367,-89.6627
-6.1532,23.7226,60.2693,-89.6704
-6.0203,23.6999,60.3012,-89.6778
-5.8833,23.6769,60.3334,-89.6853
-5.7503,23.6552,60.3639,-89.6929
-5.6172,23.6339,60.3936,-89.7003
-5.4800,23.6125,60.4236,-89.7076
-5.3468,23.5923,60.4519,-89.7152
-5.2135,23.5726,60.4795,-89.7224
-5.0761,23.5527,60.5072,-89.7297
-4.9427,23.5340,60.5334,-89.7372
-4.8093,23.5158,60.5589,-89.7444
-4.6717,23.4976,60.5844,-89.7516
-4.5382,23.4804,60.6084,-89.7590
-4.4046,23.4637,60.6317,-89.7661
-4.2669,23.4470,60.6551,-89.7733
-4.1332,23.4313,60.6770,-89.7806
-3.9995,23.4162,60.6981,-89.7877
-3.8616,23.4010,60.7193,-89.7948
-3.7278,23.3869,60.7390,-89.8020
-3.5939,23.3732,60.7581,-89.8091
-3.4560,23.3597,60.7770,-89.8161
-3.3220,23.3470,60.7946,-89.8233
-3.1880,23.3349,60.8116,-89.8303
-3.0500,23.3229,60.8283,-89.8373
-2.9159,23.3118,60.8438,-89.8444
-2.7818,23.3012,60.8586,-89.8514
-2.6437,23.2907,60.8732,-89.8583
-2.5095,23.2812,60.8866,-89.8654
-2.3753,23.2721,60.8992,-89.8723
-2.2371,23.2632,60.9116,-89.8792
-2.1029,23.2551,60.9229,-89.8863
-1.9686,23.2475,60.9334,-89.8932
-1.8303,23.2402,60.9436,-89.9001
-1.6960,23.2337,60.9528,-89.9071
-1.5617,23.2276,60.9612,-89.9140
-1.4233,23.2219,60.9692,-89.9208
-1.2889,23.2168,60.9762,-89.9279
-1.1546,23.2123,60.9826,-89.9347
-1.0162,23.2081,60.9884,-89.9415
-0.8818,23.2046,60.9933,-89.9485
-0.7474,23.2015,60.9975,-89.9554
-0.6089,23.1989,61.0012,-89.9622
-0.4745,23.1969,61.0040,-89.9692
-0.3401,23.1954,61.0061,-89.9760
-0.2016,23.1943,61.0076,-89.9828
-0.0672,23.1939,61.0082,-89.9898
0.0672,23.1939,61.0082,-89.9966
0.2057,23.1944,61.0075,-90.0034
0.3401,23.1954,61.0061,-90.0104
0.4745,23.1969,61.0040,-90.0173
0.6130,23.1990,61.0011,-90.0241
0.7474,23.2015,60.9975,-90.0311
0.8818,23.2046,60.9933,-90.0379
1.0202,23.2082,60.9882,-90.0447
1.1546,23.2123,60.9826,-90.0518
1.2889,23.2168,60.9762,-90.0586
1.4274,23.2220,60.9690,-90.0655
1.5617,23.2276,60.9612,-90.0725
1.6960,23.2337,60.9528,-90.0794
1.8343,23.2404,60.9433,-90.0862
1.9686,23.2475,60.9334,-90.0933
2.1029,23.2551,60.9229,-90.1002
2.2411,23.2634,60.9113,-90.1071
2.3753,23.2721,60.8993,-90.1142
2.5095,23.2812,60.8866,-90.1211
2.6477,23.2910,60.8728,-90.1281
2.7818,23.3012,60.8586,-90.1352
2.9159,23.3118,60.8438,-90.1422
3.0540,23.3233,60.8278,-90.1491
3.1880,23.3349,60.8116,-90.1563
3.3220,23.3470,60.7946,-90.1633
3.4600,23.3601,60.7765,-90.1704
3.5939,23.3732,60.7581,-90.1776
3.7278,23.3869,60.7390,-90.1847
3.8657,23.4015,60.7187,-90.1917
3.9995,23.4162,60.6981,-90.1990
4.1332,23.4313,60.6770,-90.2062
4.2710,23.4475,60.6544,-90.2133
4.4046,23.4637,60.6317,-90.2207
4.5382,23.4804,60.6084,-90.2278
4.6758,23.4981,60.5837,-90.2350
4.8093,23.5158,60.5589,-90.2425
4.9427,23.5340,60.5334,-90.2497
5.0802,23.5533,60.5064,-90.2570
5.2135,23.5726,60.4795,-90.2645
5.3468,23.5923,60.4519,-90.2718
5.4840,23.6131,60.4227,-90.2792
5.6172,23.6339,60.3936,-90.2868
5.7503,23.6552,60.3639,-90.2942
5.8873,23.6776,60.3325,-90.3016
6.0203,23.6999,60.3012,-90.3093
6.1532,23.7226,60.2693,-90.3168
6.2901,23.7466,60.2357,-90.3243
6.4228,23.7704,60.2023,-90.3321
6.5555,23.7947,60.1682,-90.3397
6.6922,23.8203,60.1324,-90.3473
6.8247,23.8456,60.0968,-90.3552
6.9572,23.8714,60.0606,-90.3629
7.0936,23.8986,60.0225,-90.3706
7.2260,23.9254,59.9847,-90.3786
7.3582,23.9528,59.9463,-90.3864
7.4944,23.9815,59.9060,-90.3943
7.6265,24.0098,59.8661,-90.4023
7.7585,24.0387,59.8254,-90.4102
7.8944,24.0690,59.7829,-90.4182
8.0262,24.0989,59.7408,-90.4264
8.1580,24.1293,59.6979,-90.4344
8.2936,24.1611,59.6531,-90.4426
8.4252,24.1926,59.6088,-90.4509
8.5567,24.2245,59.5638,-90.4590
8.6921,24.2579,59.5167,-90.4673
8.8234,24.2909,59.4702,-90.4758
8.9546,24.3244,59.4229,-90.4841
9.0897,24.3593,59.3735,-90.4925
9.2207,24.3938,59.3248,-90.5010
9.3516,24.4288,59.2754,-90.5095
9.4864,24.4654,59.2237,-90.5180
9.6171,24.5014,59.1727,-90.5268
9.7477,24.5380,59.1210,-90.5354
9.8822,24.5761,59.0671,-90.5441
10.0126,24.6137,59.0139,-90.5530
10.1429,24.6518,58.9599,-90.5617
10.2770,24.6915,58.9036,-90.5706
10.4071,24.7306,58.8482,-90.5796
10.5371,24.7702,58.7920,-90.5886
10.6709,24.8115,58.7334,-90.5976
10.8006,24.8522,58.6757,-90.6068
10.9302,24.8933,58.6172,-90.6159
11.0637,24.9362,58.5562,-90.6252
11.1931,24.9784,58.4963,-90.6346
11.3224,25.0211,58.4355,-90.6438
11.4555,25.0656,58.3722,-90.6533
11.5845,25.1094,58.3099,-90.6628
11.7135,25.1536,58.2469,-90.6723
11.8462,25.1997,58.1812,-90.6819
11.9749,25.2450,58.1166,-90.6917
12.1034,25.2908,58.0513,-90.7013
12.2358,25.3385,57.9832,-90.7112
12.3641,25.3853,57.9163,-90.7211
12.4923,25.4327,57.8486,-90.7310
12.6242,25.4820,57.7782,-90.7411
12.7522,25.5304,57.7089,-90.7512
12.8800,25.5793,57.6389,-90.7613
13.0115,25.6302,57.5660,-90.7716
13.1390,25.6801,57.4944,-90.7820
13.2664,25.7306,57.4220,-90.7923
13.3976,25.7831,57.3467,-90.8028
13.5247,25.8346,57.2727,-90.8134
